"index","timeReal","AccYHip","GyroYHip","AccYKnee","GyroYKnee","Occupancy"
0,2495,144,17,664,-231,0
1,2525,564,-214,644,-48,0
2,2554,316,-286,700,-45,0
3,2584,520,-344,872,-7,0
4,2614,308,-161,612,19,0
5,2642,-96,-32,448,-21,0
6,2672,-936,70,-384,-72,0
7,2702,-744,-23,-580,-78,0
8,2732,-332,-34,-196,-83,0
9,2761,-368,223,8,-92,0
10,2790,-168,29,584,-141,0
11,2820,416,-283,672,-151,0
12,2849,232,74,360,-52,0
13,2879,-364,189,304,-28,0
14,2909,-264,95,528,-67,0
15,2938,-316,37,240,-92,0
16,2967,-508,-29,20,-90,0
17,3001,-576,-90,24,-114,0
18,3030,-364,-138,92,-42,0
19,3058,-128,-129,444,-33,0
20,3087,-216,-46,976,-44,0
21,3116,-244,-130,1080,-34,0
22,3144,-244,-281,216,-39,0
23,3173,-336,-208,92,-24,0
24,3202,-308,-80,152,29,0
25,3229,-180,52,416,-3,0
26,3258,-252,11,252,39,0
27,3287,-508,93,156,59,0
28,3315,-832,64,176,67,0
29,3343,-792,120,4,68,0
30,3372,-764,129,200,118,0
31,3400,-600,143,272,86,0
32,3429,-520,156,152,110,0
33,3458,-792,128,-20,109,0
34,3485,-660,-47,-164,120,0
35,3520,-676,96,-128,118,0
36,3549,-720,71,68,69,0
37,3576,-488,45,44,84,0
38,3605,-428,4,196,52,0
39,3634,-352,21,208,93,0
40,3662,-496,-12,88,99,0
41,3691,-620,40,0,114,0
42,3719,-548,54,116,100,0
43,3747,-564,25,84,71,0
44,3776,-636,33,32,67,0
45,3804,-724,46,8,61,0
46,3832,-716,-33,68,47,0
47,3861,-672,37,100,59,0
48,3890,-340,-20,56,11,0
49,3917,-456,-88,228,-38,0
50,3946,-508,71,248,10,0
51,3975,-628,54,216,25,0
52,4003,-500,-34,112,26,0
53,4032,-376,-79,16,6,0
54,4060,-404,98,68,5,0
55,4092,-324,72,60,0,0
56,4121,-352,116,188,34,0
57,4150,-484,1,72,25,0
58,4178,-592,-14,-32,16,0
59,4206,-444,72,204,-2,0
60,4235,-536,-61,-40,16,0
61,4263,-480,16,68,24,0
62,4292,-420,-5,-20,-16,0
63,4320,-316,20,32,-31,0
64,4348,-272,141,88,-36,0
65,4377,-264,63,-180,-81,0
66,4406,-532,-19,8,-41,0
67,4433,-524,80,-60,-124,0
68,4462,-516,101,368,-43,0
69,4491,-504,199,248,-49,0
70,4519,-748,222,324,-7,0
71,4548,-560,155,348,-49,0
72,4577,-612,61,120,-55,0
73,4604,-456,-194,-36,-99,0
74,4639,-420,-76,372,-78,0
75,4668,-416,90,-120,-76,0
76,4697,-568,75,356,-85,0
77,4724,-592,-90,432,-59,0
78,4753,-364,-24,384,-43,0
79,4782,-468,-120,320,10,0
80,4810,-428,-80,296,-2,0
81,4839,-272,13,368,-35,0
82,4868,-384,67,80,5,0
83,4895,-624,82,320,-46,0
84,4924,-128,-68,556,-49,0
85,4953,-124,-11,520,-47,0
86,4981,-40,-34,400,15,0
87,5010,-384,-16,348,-5,0
88,5038,-328,36,296,-3,0
89,5066,-240,-40,372,-27,0
90,5095,-180,79,396,-12,0
91,5124,-152,87,452,-52,0
92,5152,-112,-85,348,-42,0
93,5185,-128,-96,368,-16,0
94,5214,-400,-187,284,-7,0
95,5242,-172,-89,420,11,0
96,5270,-132,54,508,-5,0
97,5299,-96,106,384,-23,0
98,5327,-348,27,264,21,0
99,5355,-280,-66,364,42,0
100,5384,-216,-61,356,35,0
101,5412,-328,-227,292,20,0
102,5441,-196,-136,512,4,0
103,5470,-296,-129,220,37,0
104,5498,-244,47,296,45,0
105,5526,-388,162,368,35,0
106,5555,-464,-6,368,76,0
107,5583,-340,21,320,28,0
108,5612,-184,-4,324,66,0
109,5641,-520,-28,240,64,0
110,5668,-364,-28,360,0,0
111,5697,-244,2,284,76,0
112,5731,-296,12,280,34,0
113,5760,-376,-63,324,26,0
114,5788,-356,-36,324,18,0
115,5817,-368,48,264,36,0
116,5846,-356,0,324,12,0
117,5873,-184,70,460,48,0
118,5910,-352,57,332,35,0
119,5939,-496,-98,4,-2,0
120,5967,-476,-125,84,11,0
121,5996,-516,-119,8,6,0
122,6024,-716,-129,308,-6,0
123,6052,-552,-18,284,-12,0
124,6081,-388,-85,276,-27,0
125,6110,-284,-6,396,9,0
126,6138,-448,-55,256,-5,0
127,6167,-228,-10,248,28,0
128,6196,-220,-72,132,-11,0
129,6224,-396,-13,188,5,0
130,6257,-464,3,64,-8,0
131,6286,-380,-49,252,6,0
132,6315,-580,-73,160,-2,0
133,6343,-508,-42,360,-21,0
134,6371,-516,28,336,-7,0
135,6400,-504,-81,320,-32,0
136,6428,-108,-51,360,0,0
137,6457,-396,-87,352,-3,0
138,6486,-396,-148,340,-12,0
139,6514,-152,9,228,-8,0
140,6542,-428,-20,88,4,0
141,6571,-380,-115,124,43,0
142,6599,-540,-165,160,46,0
143,6628,-728,-105,84,48,0
144,6657,-680,90,380,-6,0
145,6685,-436,-53,280,-16,0
146,6713,-528,29,104,-77,0
147,6742,-728,-112,264,31,0
148,6770,-492,-162,-80,18,0
149,6805,-628,-361,220,11,0
150,6834,-516,-190,-52,36,0
151,6862,-632,-448,64,82,0
152,6890,-412,-71,144,123,0
153,6919,-500,103,188,58,0
154,6947,-936,93,84,188,0
155,6976,-1120,-165,112,173,0
156,7005,-68,-51,-308,226,0
157,7033,4664,-1664,-108,112,1
158,7062,-732,416,-272,177,1
159,7091,-1656,404,-424,178,1
160,7119,-1436,473,-716,178,1
161,7148,-968,176,-12,67,1
162,7178,-1628,56,-176,165,1
163,7206,-2184,111,-596,191,1
164,7235,-1876,73,-824,98,1
165,7264,-1264,5,-628,160,1
166,7297,-1372,-113,-696,139,1
167,7325,-1380,97,-396,177,1
168,7354,-1756,50,-620,147,1
169,7383,-1840,98,-452,134,1
170,7411,-1668,-16,-360,136,1
171,7440,-1264,-38,-724,132,1
172,7469,-1620,-9,-748,135,1
173,7497,-1944,9,-800,112,1
174,7526,-2076,22,-940,92,1
175,7555,-2288,-82,-952,107,1
176,7583,-2100,-42,-672,101,1
177,7612,-2196,-17,-888,96,1
178,7641,-2032,9,-620,-26,1
179,7669,-1940,-75,-792,70,1
180,7698,-1952,6,-696,53,1
181,7727,-2064,28,-812,81,1
182,7755,-1888,-57,-1048,16,1
183,7790,-2100,-27,-936,-40,1
184,7819,-1836,39,-1032,23,1
185,7847,-1780,-20,-720,-40,1
186,7876,-1844,7,-728,56,1
187,7905,-1732,-7,-720,71,1
188,7933,-2004,25,-1064,53,1
189,7962,-1844,-35,-1264,-56,1
190,7991,-1948,-85,-1072,-46,1
191,8019,-2092,-49,-1000,-110,1
192,8048,-2172,-74,-572,-237,1
193,8077,-2332,-74,-708,-200,1
194,8105,-2424,-131,-892,-168,1
195,8135,-2360,-240,-1152,-146,1
196,8164,-2048,-234,-1348,-108,1
197,8193,-1904,-126,-1496,-63,1
198,8221,-2132,-40,-1368,-71,1
199,8255,-2188,113,-976,-12,1
200,8283,-2124,-7,-1028,-78,1
201,8312,-1964,-66,-744,-43,1
202,8340,-1752,10,-732,-31,1
203,8370,-1272,13,-780,-17,1
204,8397,-1572,69,-392,14,1
205,8426,-1584,-12,-448,41,1
206,8455,-1404,5,-452,25,1
207,8483,-1484,12,-1020,27,1
208,8512,-1528,-19,-784,50,1
209,8541,-1456,-88,-596,63,1
210,8569,-1412,7,-900,87,1
211,8598,-1844,59,-876,27,1
212,8627,-2016,36,-1052,55,1
213,8655,-2020,18,-1024,70,1
214,8684,-1880,-98,-1088,80,1
215,8713,-1952,-2,-1044,78,1
216,8747,-2148,2,-1136,62,1
217,8775,-2112,193,-896,36,1
218,8804,-2024,89,-1068,64,1
219,8833,-1836,132,-1100,18,1
220,8861,-1744,6,-1020,39,1
221,8890,-1780,62,-820,-92,1
222,8919,-1648,77,-1264,14,1
223,8947,-1660,74,-1336,19,1
224,8976,-1720,109,-1316,118,1
225,9005,-1724,151,-1436,78,1
226,9033,-1656,108,-1288,89,1
227,9062,-1696,190,-960,127,1
228,9091,-1520,150,-884,148,1
229,9120,-1424,156,-1008,165,1
230,9149,-1360,164,-940,178,1
231,9178,-1284,160,-760,217,1
232,9206,-1412,153,-936,181,1
233,9239,-1512,59,-808,166,1
234,9268,-1688,135,-796,116,1
235,9296,-1776,225,-1024,133,1
236,9325,-1656,196,-1168,155,1
237,9354,-1684,231,-1328,131,1
238,9382,-1800,177,-1084,76,1
239,9411,-1632,41,-828,83,1
240,9440,-1800,85,-696,107,1
241,9468,-1724,-13,-756,54,1
242,9499,-1584,70,-844,61,1
243,9534,-1540,-68,-740,11,1
244,9563,-1648,53,-852,10,1
245,9591,-1588,-25,-1052,31,1
246,9620,-1680,-1,-832,58,1
247,9649,-1756,99,-840,19,1
248,9677,-1476,-20,-744,35,1
249,9706,-1240,-13,-704,31,1
250,9741,-1444,28,-680,66,1
251,9769,-1552,-8,-844,138,1
252,9798,-1444,18,-876,53,1
253,9827,-1588,19,-964,62,1
254,9857,-1684,30,-1052,59,1
255,9885,-1788,20,-888,44,1
256,9914,-1604,-85,-1112,-3,1
257,9943,-1560,4,-976,9,1
258,9971,-1712,15,-1004,31,1
259,10000,-1752,-32,-972,-33,1
260,10029,-1720,-43,-968,-39,1
261,10058,-1728,-73,-948,-2,1
262,10087,-1588,-91,-996,-43,1
263,10116,-1664,-44,-980,-49,1
264,10144,-1648,-83,-1068,-24,1
265,10173,-1772,-56,-1068,-70,1
266,10202,-1704,-57,-956,-48,1
267,10235,-1740,-75,-864,-69,1
268,10264,-1728,-158,-932,-82,1
269,10293,-1568,-35,-888,-53,1
270,10321,-1664,-20,-1016,-32,1
271,10350,-1760,-34,-844,-15,1
272,10379,-1620,-42,-1008,-48,1
273,10408,-1668,-44,-940,-21,1
274,10437,-1656,-73,-1072,-10,1
275,10466,-1792,-51,-976,-29,1
276,10494,-1708,-38,-1072,-10,1
277,10523,-1724,-4,-1012,27,1
278,10552,-1652,14,-1092,60,1
279,10580,-1736,18,-1132,23,1
280,10609,-1816,50,-968,34,1
281,10638,-1816,1,-956,20,1
282,10667,-1764,-53,-1216,41,1
283,10701,-1820,-19,-1040,29,1
284,10730,-1964,36,-908,10,1
285,10759,-1884,-15,-860,12,1
286,10787,-1736,0,-1028,36,1
287,10816,-1764,4,-948,22,1
288,10845,-1656,95,-956,42,1
289,10873,-1772,-29,-1028,-2,1
290,10902,-1796,71,-1088,50,1
291,10931,-1784,-2,-1208,-2,1
292,10960,-1736,32,-956,-20,1
293,10989,-1908,-64,-1024,22,1
294,11018,-1696,2,-1044,22,1
295,11046,-1748,-65,-1288,37,1
296,11075,-1784,-16,-1188,32,1
297,11104,-1696,-10,-1184,47,1
298,11132,-1668,25,-1192,18,1
299,11166,-1716,-19,-1036,13,1
300,11195,-1792,-56,-1100,21,1
301,11224,-1696,1,-980,54,1
302,11252,-1664,-7,-976,27,1
303,11281,-1572,10,-1120,68,1
304,11310,-1648,4,-1144,21,1
305,11338,-1608,-26,-1228,69,1
306,11367,-1716,63,-1220,31,1
307,11396,-1696,96,-1168,54,1
308,11424,-1820,37,-1316,63,1
309,11453,-1780,91,-1404,48,1
310,11482,-1796,-22,-1216,61,1
311,11510,-1772,13,-1132,55,1
312,11539,-1824,21,-1044,14,1
313,11568,-1728,18,-1092,18,1
314,11596,-1696,21,-980,30,1
315,11625,-1588,63,-1040,46,1
316,11660,-1548,-13,-1084,11,1
317,11688,-1724,47,-1076,39,1
318,11717,-1624,4,-1304,0,1
319,11746,-1652,42,-1068,21,1
320,11774,-1516,-35,-1008,9,1
321,11803,-1548,-36,-1076,20,1
322,11832,-1612,20,-920,40,1
323,11860,-1644,53,-1032,25,1
324,11889,-1668,13,-1368,76,1
325,11919,-1680,5,-1464,28,1
326,11948,-1728,-17,-1096,19,1
327,11976,-1876,1,-1212,8,1
328,12005,-1912,26,-1284,11,1
329,12034,-1812,37,-1268,32,1
330,12062,-1572,40,-1156,79,1
331,12091,-1404,-37,-940,44,1
332,12120,-1260,4,-836,24,1
333,12152,-1568,42,-1064,63,1
334,12182,-1808,73,-1044,33,1
335,12211,-1956,28,-1204,25,1
336,12239,-2072,60,-1212,25,1
337,12268,-1812,50,-1192,41,1
338,12297,-1752,103,-1240,16,1
339,12325,-1756,111,-1220,-4,1
340,12354,-1724,-41,-1312,6,1
341,12383,-1788,-41,-1164,-61,1
342,12411,-1720,-181,-1124,-14,1
343,12440,-1684,65,-1120,-55,1
344,12469,-1780,31,-1064,-11,1
345,12497,-1724,-11,-1188,-30,1
346,12527,-1796,-10,-1076,-8,1
347,12556,-1632,27,-1128,-3,1
348,12584,-1712,-3,-1152,45,1
349,12618,-1632,28,-1016,44,1
350,12647,-1736,48,-1092,56,1
351,12676,-1744,17,-924,36,1
352,12704,-1828,-62,-980,33,1
353,12733,-1724,-14,-1068,30,1
354,12763,-1704,38,-1216,31,1
355,12791,-1760,2,-1132,14,1
356,12820,-1756,-8,-1176,29,1
357,12849,-1640,-32,-1248,48,1
358,12877,-1760,-46,-1192,-2,1
359,12906,-1692,-40,-1148,5,1
360,12935,-1860,8,-1232,-19,1
361,12963,-1860,19,-1060,-16,1
362,12992,-1956,-78,-1408,-9,1
363,13021,-2016,-553,-1188,40,1
364,13049,-2112,-377,-1248,10,1
365,13083,-2016,-596,-1376,-50,1
366,13113,-1772,144,-976,-33,1
367,13149,-1868,-142,-1244,-18,1
368,13178,-2036,73,-1200,-23,1
369,13207,-1620,170,-1204,-33,1
370,13236,-1564,-55,-1108,-15,1
371,13264,-1680,-284,-920,-38,1
372,13293,-1404,-129,-1112,-7,1
373,13322,-1680,-41,-1124,-20,1
374,13351,-1820,5,-1140,2,1
375,13380,-1788,-26,-1308,-54,1
376,13409,-1808,-122,-1344,-37,1
377,13437,-1772,-33,-1248,-20,1
378,13466,-1640,-36,-1084,-37,1
379,13496,-1540,-99,-1124,-16,1
380,13524,-1656,-10,-1188,-22,1
381,13558,-1624,-88,-1208,-8,1
382,13588,-1688,-64,-1132,-12,1
383,13617,-1736,4,-1248,-13,1
384,13645,-1704,-15,-1268,31,1
385,13674,-1864,-84,-1344,101,1
386,13703,-1868,13,-1076,33,1
387,13731,-1808,53,-1176,-5,1
388,13761,-1660,37,-1056,23,1
389,13790,-1644,29,-1016,35,1
390,13818,-1580,35,-1160,38,1
391,13847,-1784,155,-912,77,1
392,13876,-1992,68,-524,71,1
393,13904,-1796,-271,-588,36,1
394,13933,-1404,-138,-1480,105,1
395,13963,-1684,-98,-1656,48,1
396,13991,-1784,-178,-1668,17,1
397,14024,-1792,-134,-2008,0,1
398,14054,-1916,249,-1576,-7,1
399,14083,-1860,-57,-1508,-67,1
400,14111,-1912,181,-984,-86,1
401,14140,-1304,-262,-908,-77,1
402,14169,-1556,264,-684,0,1
403,14197,-1608,153,-828,82,1
404,14226,-1488,144,-1264,52,1
405,14255,-1880,-54,-1440,65,1
406,14284,-2156,-60,-1464,71,1
407,14313,-1896,-261,-1420,-91,1
408,14342,-1840,-189,-1252,-80,1
409,14370,-1756,10,-1016,-114,1
410,14399,-1800,43,-720,-133,1
411,14428,-1648,108,-996,-72,1
412,14456,-1568,-22,-1068,-26,1
413,14491,-1672,-18,-1044,-104,1
414,14520,-1696,-183,-1188,-103,1
415,14550,-1668,-133,-1340,-114,1
416,14578,-1792,-114,-1368,-127,1
417,14607,-1852,-215,-1572,-179,1
418,14636,-1776,-193,-1680,-202,1
419,14665,-1684,-205,-1460,-224,1
420,14694,-1668,-167,-1564,-237,1
421,14723,-1672,-308,-1560,-282,1
422,14752,-1488,-436,-760,-336,1
423,14781,-1468,-583,-536,-241,1
424,14810,-1276,-359,-1804,-198,1
425,14838,-1468,106,-1384,-354,1
426,14867,-1272,387,-684,-326,1
427,14897,-960,132,-1152,-251,1
428,14929,-1156,-563,-360,-288,1
429,14958,-1128,-424,-420,-323,1
430,14988,2936,298,112,-398,0
431,15015,-1328,95,368,-527,0
432,15044,-52,-128,640,-413,0
433,15073,52,219,928,-468,0
434,15101,220,411,1156,-367,0
435,15130,-80,220,1028,-277,0
436,15159,596,26,1296,-219,0
437,15187,736,243,1060,-287,0
438,15216,880,118,1084,-368,0
439,15245,652,180,1224,-261,0
440,15273,876,-170,756,-229,0
441,15302,744,297,652,-130,0
442,15331,472,204,1212,-220,0
443,15360,752,331,1128,-172,0
444,15393,572,-116,1596,-101,0
445,15422,676,123,1508,-47,0
446,15452,756,139,1596,29,0
447,15479,648,125,1440,48,0
448,15508,680,205,984,112,0
449,15537,568,180,1028,66,0
450,15565,420,12,1132,48,0
451,15594,720,155,1240,40,0
452,15623,628,166,1208,46,0
453,15651,688,81,1336,93,0
454,15680,784,137,1408,80,0
455,15709,704,85,1044,50,0
456,15737,820,159,1228,36,0
457,15766,776,96,1556,49,0
458,15794,840,152,1324,20,0
459,15822,580,43,1332,120,0
460,15851,556,51,1416,47,0
461,15880,568,102,1308,54,0
462,15912,796,53,1216,51,0
463,15941,836,129,1304,87,0
464,15970,704,57,1420,44,0
465,15998,576,83,1412,51,0
466,16027,536,31,1396,81,0
467,16056,644,47,1616,86,0
468,16083,716,97,1424,68,0
469,16112,712,33,1112,35,0
470,16141,520,110,1288,45,0
471,16169,672,51,1348,-30,0
472,16198,568,-9,1124,21,0
473,16227,588,27,1204,16,0
474,16256,576,48,1216,38,0
475,16283,608,41,1464,89,0
476,16312,744,92,1248,80,0
477,16340,432,-72,1212,88,0
478,16369,332,-76,1280,32,0
479,16398,544,-16,1212,81,0
480,16432,664,-96,1320,58,0
481,16460,780,131,1324,14,0
482,16489,708,114,1428,-2,0
483,16518,724,82,1316,-16,0
484,16546,736,13,1452,-71,0
485,16575,536,-523,1476,-69,0
486,16604,316,-211,1460,-19,0
487,16632,736,7,1460,-37,0
488,16661,780,-91,1324,-78,0
489,16690,840,-10,1404,-14,0
490,16718,600,-4,1160,-1,0
491,16754,536,-37,1076,15,0
492,16783,896,-64,1452,-102,0
493,16813,540,33,1412,-32,0
494,16841,604,-105,1452,41,0
495,16870,1100,-27,1348,14,0
496,16899,1260,45,1360,33,0
497,16931,712,-28,1452,116,0
498,16960,848,-8,1292,140,0
499,16989,696,-36,1432,116,0
500,17017,500,6,1300,35,0
501,17046,596,-27,1252,20,0
502,17075,688,-48,1396,19,0
503,17103,744,-28,1356,62,0
504,17132,744,39,1352,97,0
505,17161,616,43,1140,57,0
506,17189,728,21,1444,77,0
507,17218,796,24,1448,27,0
508,17247,680,-24,1304,20,0
509,17275,656,-8,1448,24,0
510,17304,688,-60,1236,-68,0
511,17333,696,43,1232,-53,0
512,17361,532,14,1272,-20,0
513,17390,696,3,1292,-1,0
514,17419,504,40,1348,-2,0
515,17453,684,-17,1172,28,0
516,17481,536,54,1268,27,0
517,17510,772,22,1304,40,0
518,17539,756,-44,1392,28,0
519,17567,860,18,1224,58,0
520,17596,756,79,1368,37,0
521,17625,688,-4,1292,17,0
522,17653,728,32,1252,68,0
523,17682,728,9,1344,47,0
524,17711,752,25,1312,71,0
525,17739,616,-19,1152,32,0
526,17768,820,-80,1156,21,0
527,17797,716,-4,1460,2,0
528,17825,792,34,1200,3,0
529,17854,736,31,1300,32,0
530,17883,812,-31,1560,51,0
531,17911,684,45,1248,46,0
532,17940,696,-62,1236,55,0
533,17973,776,35,1592,21,0
534,18001,740,4,1116,64,0
535,18030,664,-66,1220,-19,0
536,18059,700,-17,1300,0,0
537,18087,744,36,1352,-27,0
538,18116,772,14,1260,-15,0
539,18145,568,-16,1448,-8,0
540,18173,616,-12,1212,-12,0
541,18201,720,-19,1300,-21,0
542,18230,748,58,1408,-11,0
543,18258,688,-5,1280,19,0
544,18287,888,-19,1432,17,0
545,18316,672,3,1488,2,0
546,18344,784,-4,1340,24,0
547,18373,788,76,1536,25,0
548,18402,856,23,1356,38,0
549,18430,728,75,1112,2,0
550,18458,832,-1,1548,-15,0
551,18493,652,-82,1136,2,0
552,18523,600,-17,1460,-47,0
553,18551,716,12,1212,-75,0
554,18580,888,-36,1240,-69,0
555,18610,860,-38,1348,-63,0
556,18638,1044,43,1468,-26,0
557,18668,884,-32,1568,-205,0
558,18697,804,-3,1520,-118,0
559,18726,916,-20,1472,-201,0
560,18755,752,7,1536,-233,0
561,18784,836,-55,1440,-149,0
562,18813,888,-177,1360,-56,0
563,18842,1048,-94,1472,-87,0
564,18872,976,0,1312,-22,0
565,18900,944,1,1248,-104,0
566,18930,996,10,1472,-36,0
567,18959,900,-94,1268,-51,0
568,18993,800,-1,1684,-43,0
569,19021,876,21,1536,37,0
570,19051,884,48,1308,-11,0
571,19080,944,6,1360,-1,0
572,19108,892,0,1488,54,0
573,19138,1088,-4,1352,20,0
574,19167,860,-64,1292,24,0
575,19195,796,-16,1468,12,0
576,19225,852,27,1452,31,0
577,19254,864,6,1380,62,0
578,19282,956,27,1352,48,0
579,19312,944,-28,1356,23,0
580,19341,1076,45,1532,28,0
581,19371,1060,29,1436,59,0
582,19399,944,75,1416,49,0
583,19428,860,20,1444,138,0
584,19458,764,14,1344,90,0
585,19486,872,69,1368,78,0
586,19521,900,111,1392,20,0
587,19550,884,25,1428,-111,0
588,19579,796,4,1512,-63,0
589,19608,872,-37,1232,-24,0
590,19638,952,-94,1536,5,0
591,19666,1164,7,1548,22,0
592,19696,1060,-66,1408,-6,0
593,19725,1016,469,1464,0,0
594,19753,800,-86,1368,63,0
595,19783,888,-39,1428,12,0
596,19812,828,48,1400,39,0
597,19841,844,36,1364,32,0
598,19870,544,32,1304,67,0
599,19899,632,30,1380,69,0
600,19928,884,-47,1224,13,0
601,19957,848,92,1360,68,0
602,19986,1432,-90,1456,56,0
603,20016,908,-24,1328,93,0
604,20048,936,-21,1324,-24,0
605,20078,652,-101,1372,-1,0
606,20107,896,36,1360,40,0
607,20136,1088,-110,1452,23,0
608,20165,1556,163,1332,17,0
609,20194,464,37,1476,2,0
610,20224,700,-63,1128,34,0
611,20252,856,-22,1184,90,0
612,20282,896,69,1044,93,0
613,20311,740,-53,1388,83,0
614,20339,1032,-58,1228,102,0
615,20370,1092,25,1184,121,0
616,20406,812,-22,1176,90,0
617,20434,864,13,1280,115,0
618,20464,940,105,1188,59,0
619,20493,908,89,1128,90,0
620,20523,732,-103,1256,133,0
621,20551,840,-111,1312,194,0
622,20586,648,-354,900,369,0
623,20616,652,-163,732,380,0
624,20644,356,63,456,295,0
625,20674,88,-39,468,236,0
626,20703,0,-120,192,109,0
627,20731,192,-119,316,86,0
628,20761,-40,-63,744,91,0
629,20790,-164,2,516,4,0
630,20818,-68,-48,288,-135,0
631,20848,-96,-135,1204,-73,0
632,20877,48,-293,832,-27,0
633,20907,68,-234,472,37,0
634,20935,-496,-407,416,36,0
635,20965,-700,-287,172,61,0
636,20994,-420,14,-16,103,0
637,21022,-660,-117,-300,177,0
638,21052,-1004,-156,-304,123,0
639,21086,-1240,34,-460,161,0
640,21114,-1376,198,-312,75,0
641,21144,-1184,7,0,121,0
642,21173,-1628,-174,-4,72,0
643,21202,-888,-128,148,123,0
644,21231,2592,-768,136,42,1
645,21261,-1860,-109,184,-13,1
646,21289,-1548,-107,-492,163,1
647,21319,-1640,164,-792,173,1
648,21348,-1648,385,-864,199,1
649,21378,-1724,314,-1060,202,1
650,21406,-2560,588,-844,235,1
651,21436,-2576,845,-852,232,1
652,21466,-2416,-126,-848,205,1
653,21494,-2072,137,-608,229,1
654,21524,-2132,143,-712,236,1
655,21559,-2348,132,-996,237,1
656,21587,-2368,177,-1176,219,1
657,21617,-2448,51,-968,153,1
658,21647,-2672,103,-916,122,1
659,21676,-2552,-38,-1080,-2,1
660,21705,-2408,-59,-604,28,1
661,21734,-2544,28,-820,109,1
662,21764,-2416,109,-1264,38,1
663,21793,-2432,34,-1244,-56,1
664,21822,-2740,-119,-604,41,1
665,21852,-2420,58,-1020,27,1
666,21880,-2004,-1,-596,-17,1
667,21910,-1984,73,-780,-20,1
668,21939,-1972,-12,-656,-13,1
669,21968,-2132,-75,-680,-41,1
670,21997,-2108,-49,-708,-32,1
671,22031,-2188,-96,-852,-29,1
672,22061,-1948,-59,-340,121,1
673,22089,-2092,27,-1272,89,1
674,22119,-2436,175,-268,-17,1
675,22148,-2204,78,-704,5,1
676,22177,-2008,3,-760,-38,1
677,22206,-2024,-10,-416,-28,1
678,22236,-1936,-61,-108,-99,1
679,22264,-1644,-2,-400,51,1
680,22294,-1656,195,-712,31,1
681,22323,-1800,43,-672,6,1
682,22352,-2216,98,-920,8,1
683,22381,-2232,-241,-820,-59,1
684,22410,-1724,-279,-424,-94,1
685,22439,-1524,-242,-420,-99,1
686,22469,-1400,-257,-600,-89,1
687,22498,-1588,-44,-368,-75,1
688,22533,-1908,-126,-536,-82,1
689,22561,-1940,-217,-848,-67,1
690,22591,-1840,-135,-1128,-14,1
691,22621,-1712,-159,-1052,-107,1
692,22649,-1716,-248,-584,-165,1
693,22679,-1404,-249,-692,-49,1
694,22709,-1172,-123,-780,-2,1
695,22737,-1568,20,-620,10,1
696,22767,-1696,75,-648,16,1
697,22796,-1556,-35,-668,2,1
698,22825,-1616,-5,-624,-7,1
699,22854,-1636,23,-696,-19,1
700,22884,-1560,-9,-688,-25,1
701,22913,-1460,-87,-744,-37,1
702,22942,-1280,-4,-848,16,1
703,22971,-1384,61,-848,97,1
704,23005,-1436,56,-724,2,1
705,23034,-1456,92,-228,31,1
706,23063,-1692,47,-204,11,1
707,23092,-2044,6,-176,11,1
708,23121,-2072,173,-496,-79,1
709,23151,-1720,-50,-1400,113,1
710,23180,-1288,-171,-1840,-26,1
711,23209,-1240,80,-1824,26,1
712,23238,-1052,38,-1592,-121,1
713,23268,-876,80,-1052,-91,1
714,23297,-916,129,-696,-106,1
715,23326,-852,151,-312,-92,1
716,23355,-780,76,0,-12,1
717,23384,-696,103,-40,66,1
718,23413,-884,82,-316,46,1
719,23442,-760,-4,-628,79,1
720,23471,-920,123,-728,128,1
721,23505,-1196,134,-856,94,1
722,23535,-1324,114,-836,112,1
723,23564,-1440,119,-800,6,1
724,23593,-1512,52,-864,21,1
725,23622,-1296,27,-764,27,1
726,23651,-1212,-25,-888,37,1
727,23681,-1284,61,-844,25,1
728,23709,-1244,1,-1020,-4,1
729,23739,-1588,39,-724,-23,1
730,23768,-1648,-10,-692,-17,1
731,23797,-1436,-79,-368,-12,1
732,23827,-1520,119,-88,-36,1
733,23856,-1416,19,8,-48,1
734,23884,-1136,-47,108,-64,1
735,23914,-1144,-2,4,-15,1
736,23943,-1260,-40,-296,-45,1
737,23976,-1196,-95,-352,-63,1
738,24005,-1168,-77,-492,-67,1
739,24036,-1268,-36,-496,-47,1
740,24072,-1356,-58,-364,-29,1
741,24101,-1296,38,-516,-70,1
742,24131,-1392,30,-300,-19,1
743,24160,-1104,-19,-280,-1,1
744,24189,-996,-38,-172,30,1
745,24218,-1072,25,-240,81,1
746,24248,-1088,-37,-460,92,1
747,24276,-1112,42,-460,103,1
748,24306,-1220,18,-476,84,1
749,24335,-1188,6,-488,29,1
750,24365,-1124,-32,-504,44,1
751,24393,-1140,22,-240,61,1
752,24423,-1208,-4,-344,45,1
753,24452,-1160,-1,-360,81,1
754,24486,-1320,4,-436,88,1
755,24516,-1236,-15,-504,61,1
756,24545,-1352,31,-444,65,1
757,24574,-1444,25,-628,36,1
758,24603,-1420,-45,-504,-15,1
759,24633,-1376,-3,-520,7,1
760,24663,-1468,-10,-592,32,1
761,24691,-1288,-6,-540,-8,1
762,24721,-1384,-33,-784,47,1
763,24750,-1472,-64,-536,-5,1
764,24779,-1496,-64,-640,2,1
765,24808,-1360,9,-648,-23,1
766,24838,-1628,-29,-660,-47,1
767,24866,-1788,-48,-500,-43,1
768,24896,-1568,-122,-692,-62,1
769,24925,-1604,-25,-556,-36,1
770,24954,-1644,-50,-740,-17,1
771,24988,-1300,-76,-588,-58,1
772,25018,-1180,-59,-680,-6,1
773,25047,-1296,-74,-588,-24,1
774,25076,-1288,-65,-888,17,1
775,25105,-1500,28,-808,-11,1
776,25135,-1592,-6,-856,20,1
777,25163,-1704,-73,-816,6,1
778,25193,-1620,-83,-700,34,1
779,25222,-1724,-22,-860,-11,1
780,25251,-1560,-4,-716,-11,1
781,25280,-1400,-24,-564,-22,1
782,25310,-1280,-11,-672,-31,1
783,25338,-1328,-11,-788,-33,1
784,25368,-1400,65,-572,4,1
785,25397,-1376,-40,-600,-3,1
786,25426,-1252,-17,-660,-22,1
787,25461,-1428,-16,-816,13,1
788,25490,-1504,19,-720,-6,1
789,25520,-1408,5,-604,14,1
790,25548,-1512,-43,-720,76,1
791,25578,-1408,8,-640,29,1
792,25607,-1620,33,-756,24,1
793,25636,-1276,-50,-820,5,1
794,25665,-1476,-16,-672,16,1
795,25695,-1676,42,-916,18,1
796,25723,-1668,-45,-716,-12,1
797,25753,-1676,-33,-984,-33,1
798,25782,-1632,-54,-820,-38,1
799,25811,-1700,-11,-600,-44,1
800,25841,-1544,-74,-764,-34,1
801,25870,-1512,154,-880,-116,1
802,25900,-1328,-167,-584,-100,1
803,25928,-1188,9,-852,-56,1
804,25962,-1320,-59,-632,-71,1
805,25992,-1276,12,-940,-18,1
806,26020,-1468,7,-824,-11,1
807,26049,-1568,-108,-808,26,1
808,26079,-1596,305,-936,-18,1
809,26107,-2004,114,-780,-26,1
810,26137,-1288,-284,-800,-4,1
811,26167,-1464,186,-940,-37,1
812,26195,-1552,-46,-944,43,1
813,26225,-1412,110,-956,54,1
814,26254,-1256,22,-892,92,1
815,26283,-1340,-47,-732,51,1
816,26312,-1416,23,-784,52,1
817,26341,-1464,42,-744,56,1
818,26371,-1416,53,-572,31,1
819,26399,-1452,135,-528,43,1
820,26434,-1404,118,-612,85,1
821,26464,-1300,136,-656,88,1
822,26492,-1416,87,-520,142,1
823,26522,-1528,-77,-748,197,1
824,26551,-1204,-62,-1056,141,1
825,26580,-1648,-57,-988,178,1
826,26609,-2032,-2,-1276,185,1
827,26639,-1760,87,-1388,57,1
828,26669,-1532,175,-1148,16,1
829,26697,-1656,91,-1252,54,1
830,26727,-1744,196,-920,86,1
831,26756,-1764,122,-1048,2,1
832,26785,-1572,51,-668,31,1
833,26814,-1672,10,-896,45,1
834,26844,-1652,-86,-652,67,1
835,26872,-1580,-168,-512,71,1
836,26899,-1496,-108,-852,55,1
837,26928,-1620,-101,-1140,38,1
838,26957,-1524,-159,-1076,18,1
839,26986,-1292,-93,-1244,-34,1
840,27016,-1524,-110,-1252,-44,1
841,27045,-1544,-200,-1276,-107,1
842,27074,-1516,-51,-1600,-85,1
843,27104,-1544,-54,-1796,-236,1
844,27133,-1560,29,-1744,-434,1
845,27162,-1716,-18,-1356,-464,1
846,27192,-1680,146,-1916,-408,1
847,27220,-1548,127,-1236,-662,1
848,27250,-2056,182,-40,-617,1
849,27279,-1532,-151,1216,-735,1
850,27309,-716,-488,3336,-706,1
851,27338,-600,-153,3448,-714,1
852,27371,192,17,1144,-762,1
853,27401,256,-218,852,-833,1
854,27429,652,-22,1576,-546,1
855,27459,1020,172,1896,-397,1
856,27488,992,98,2068,-413,1
857,27517,1308,-347,1652,-334,1
858,27546,1508,565,1840,-464,0
859,27576,880,349,1840,-334,0
860,27604,952,554,2052,-326,0
861,27634,860,358,2236,-390,0
862,27663,1268,471,2232,-131,0
863,27693,1156,503,2092,9,0
864,27722,676,901,2308,98,0
865,27758,956,1085,1704,235,0
866,27788,420,308,2108,206,0
867,27816,744,399,2136,203,0
868,27851,-848,1234,1852,190,0
869,27881,1160,226,1680,171,0
870,27911,996,64,1908,103,0
871,27939,556,151,1664,95,0
872,27968,728,105,2060,128,0
873,27998,744,102,2064,91,0
874,28026,988,-112,1832,126,0
875,28056,976,49,1848,115,0
876,28085,1284,-26,1956,82,0
877,28114,1296,102,2948,280,0
878,28143,1708,158,3108,487,0
879,28173,1976,306,1376,556,0
880,28203,1376,241,1356,305,0
881,28231,1284,333,2080,305,0
882,28261,1404,139,1728,273,0
883,28290,1132,174,2060,196,0
884,28319,1216,57,2696,115,0
885,28353,1232,128,2248,128,0
886,28382,1028,153,2080,97,0
887,28411,948,4,1968,54,0
888,28440,552,-50,2016,88,0
889,28470,636,-23,1212,-50,0
890,28498,1052,-17,1232,-120,0
891,28528,1192,-66,2180,-186,0
892,28557,1576,-8,1856,-54,0
893,28587,1264,-53,1736,-117,0
894,28615,1244,-64,2124,-92,0
895,28645,1268,-5,2052,4,0
896,28674,1088,-116,1812,-46,0
897,28702,936,17,1828,-58,0
898,28732,964,-110,1800,-69,0
899,28761,1292,-175,1976,-44,0
900,28790,1080,-67,1648,-68,0
901,28820,1244,-73,1604,-108,0
902,28855,1068,-53,2060,-20,0
903,28883,1148,-60,1528,-58,0
904,28913,1196,-171,1728,-23,0
905,28942,1132,-155,1920,-41,0
906,28972,1356,-184,1680,-20,0
907,29000,1148,-199,1544,-73,0
908,29030,1112,-98,1748,-38,0
909,29060,1148,-125,1816,-47,0
910,29088,1132,-75,1700,-77,0
911,29118,1224,-112,1800,-3,0
912,29147,1044,-146,1928,27,0
913,29176,1096,28,1616,209,0
914,29205,1140,-17,1412,162,0
915,29235,1372,-39,1716,150,0
916,29263,1220,-9,1728,113,0
917,29293,1292,-12,1584,138,0
918,29327,1160,144,1252,146,0
919,29356,928,228,904,138,0
920,29385,808,66,1076,41,0
921,29414,692,-2,1288,44,0
922,29443,788,0,1316,84,0
923,29471,624,-71,1360,27,0
924,29501,664,-91,1324,8,0
925,29530,672,-164,1428,-59,0
926,29559,804,-133,1240,-41,0
927,29588,716,-14,1284,-121,0
928,29618,528,-146,1328,-142,0
929,29646,844,-106,1188,-130,0
930,29676,692,-127,1100,-120,0
931,29705,592,-116,1308,-100,0
932,29734,684,-40,1284,-76,0
933,29763,516,-56,900,-39,0
934,29792,556,-47,1312,-33,0
935,29818,628,-40,1136,-17,0
936,29847,572,26,1056,-13,0
937,29877,704,-143,1280,9,0
938,29905,756,-33,1336,13,0
939,29934,672,-9,1068,-222,0
940,29964,556,20,1080,-26,0
941,29992,608,10,1108,28,0
942,30022,692,-27,1060,64,0
943,30051,716,10,1276,43,0
944,30080,668,1,1244,87,0
945,30109,824,-11,1180,21,0
946,30138,664,-8,1268,50,0
947,30167,756,-14,1232,59,0
948,30196,732,37,1068,12,0
949,30225,780,-56,1120,37,0
950,30254,712,-55,976,23,0
951,30283,576,28,852,-27,0
952,30312,792,11,1184,-8,0
953,30347,868,75,1280,3,0
954,30375,876,32,1248,26,0
955,30404,964,4,1296,44,0
956,30434,896,72,1280,42,0
957,30462,904,-5,1152,47,0
958,30491,608,51,1248,44,0
959,30521,600,-42,996,20,0
960,30550,424,-84,1020,-19,0
961,30578,412,-12,1076,-21,0
962,30608,744,-16,1328,-23,0
963,30637,856,-21,1180,-9,0
964,30665,1020,59,1208,20,0
965,30695,972,-37,1332,41,0
966,30724,896,210,1128,-67,0
967,30753,628,-54,1192,42,0
968,30782,660,-22,1060,-5,0
969,30811,528,-32,1208,9,0
970,30840,408,-40,972,0,0
971,30873,456,-31,1048,-15,0
972,30903,408,-31,884,14,0
973,30931,560,-14,1012,20,0
974,30960,704,-24,1352,36,0
975,30990,840,-1,1080,23,0
976,31019,868,56,1100,51,0
977,31048,952,102,1192,54,0
978,31077,1940,688,1060,73,0
979,31106,1276,21,1176,27,0
980,31135,664,-108,1096,43,0
981,31164,764,-72,1152,94,0
982,31194,668,-21,1152,88,0
983,31222,536,60,972,49,0
984,31251,724,32,936,17,0
985,31280,860,-121,1056,31,0
986,31309,424,-70,1060,54,0
987,31338,532,-55,924,46,0
988,31367,964,135,1276,64,0
989,31410,656,131,1120,50,0
990,31439,644,158,1352,75,0
991,31468,828,34,1080,51,0
992,31498,864,74,1148,61,0
993,31526,876,39,1172,66,0
994,31556,700,8,1108,34,0
995,31585,764,-82,1276,38,0
996,31614,556,-72,1088,-5,0
997,31643,804,9,1024,39,0
998,31672,840,18,1344,-19,0
999,31702,896,101,1136,24,0
1000,31730,764,21,1224,-25,0
1001,31760,772,82,1028,-11,0
1002,31789,664,1,1176,-38,0
1003,31818,476,70,952,-24,0
1004,31847,584,13,1036,-115,0
1005,31877,528,174,980,-145,0
1006,31905,624,117,944,-23,0
1007,31939,660,-29,996,-15,0
1008,31969,680,9,1292,19,0
1009,31997,588,-13,1592,10,0
1010,32026,1028,38,1412,16,0
1011,32056,676,77,1460,-49,0
1012,32084,824,13,1344,8,0
1013,32114,832,-31,1372,-39,0
1014,32143,1008,-31,1324,-3,0
1015,32172,580,-46,1120,-52,0
1016,32201,812,-64,1256,-76,0
1017,32230,792,-118,1492,-197,0
1018,32260,992,-98,1460,-40,0
1019,32288,808,-94,1452,-26,0
1020,32318,820,-47,1024,-6,0
1021,32348,1156,93,1060,41,0
1022,32376,1144,64,1072,84,0
1023,32406,1108,65,1136,102,0
1024,32441,1088,-292,1292,123,0
1025,32470,780,-152,1464,122,0
1026,32499,1076,-115,1020,122,0
1027,32528,684,-142,1260,107,0
1028,32558,1024,-257,1076,111,0
1029,32587,916,-241,724,139,0
1030,32616,1016,-156,820,146,0
1031,32646,844,-174,844,151,0
1032,32674,872,-275,452,128,0
1033,32704,664,-131,528,103,0
1034,32733,612,-102,496,178,0
1035,32762,332,-83,524,282,0
1036,32791,340,67,840,243,0
1037,32820,4080,-331,392,243,1
1038,32849,-568,-538,432,219,1
1039,32879,432,-164,-316,232,1
1040,32912,172,107,-688,246,1
1041,32942,-140,239,-488,87,1
1042,32970,-608,308,-64,123,1
1043,33000,-660,405,428,201,1
1044,33029,-480,426,328,176,1
1045,33058,-1160,296,384,171,1
1046,33087,-884,-17,552,160,1
1047,33117,-1088,124,-212,220,1
1048,33145,-1260,220,-128,129,1
1049,33175,-1072,81,-372,168,1
1050,33204,-1136,66,-644,142,1
1051,33233,-1392,4,-352,117,1
1052,33263,-1248,99,-728,116,1
1053,33292,-1412,9,-308,101,1
1054,33320,-1372,-27,-148,98,1
1055,33350,-1120,-189,-472,74,1
1056,33385,-1468,-78,-444,62,1
1057,33414,-1404,-94,-856,112,1
1058,33443,-1360,-91,-696,50,1
1059,33473,-1548,-107,-752,115,1
1060,33502,-1656,-55,-1020,97,1
1061,33531,-1696,-15,-636,97,1
1062,33560,-1768,-32,-684,150,1
1063,33590,-1752,-101,-880,181,1
1064,33619,-1800,-187,-740,227,1
1065,33648,-1952,-212,-1024,209,1
1066,33678,-2244,-198,-1388,280,1
1067,33707,-2588,-18,-1648,122,1
1068,33736,-2364,7,-1468,37,1
1069,33766,-2072,-82,-1112,82,1
1070,33795,-2092,-94,-884,43,1
1071,33828,-1984,-148,-504,69,1
1072,33858,-1772,-21,-1304,81,1
1073,33887,-2068,122,-1368,-7,1
1074,33916,-2352,-59,-1524,32,1
1075,33945,-2264,52,-1360,23,1
1076,33975,-2308,-11,-1100,-10,1
1077,34004,-2248,-25,-1116,-3,1
1078,34033,-2316,-15,-1020,0,1
1079,34062,-2204,48,-1004,35,1
1080,34092,-2008,-39,-1104,-14,1
1081,34121,-2132,-51,-1160,27,1
1082,34150,-2276,2,-1168,49,1
1083,34180,-2412,6,-916,13,1
1084,34208,-2072,7,-1128,-26,1
1085,34237,-2104,-62,-1144,-47,1
1086,34267,-2284,-100,-1184,-16,1
1087,34318,-2116,-69,-968,-52,1
1088,34350,-1916,-26,-840,-45,1
1089,34382,-1744,-134,-576,-94,1
1090,34414,-1736,-134,-916,-8,1
1091,34447,-1876,60,-1060,-135,1
1092,34479,-1736,86,-836,-188,1
1093,34511,-1752,-139,-1324,-178,1
1094,34543,-2092,-129,-880,-153,1
1095,34576,-1880,-141,-1060,-95,1
1096,34608,-1900,-163,-904,-70,1
1097,34640,-2192,-89,-1232,-57,1
1098,34673,-2268,-67,-1520,-60,1
1099,34705,-2352,-134,-1484,-64,1
1100,34738,-2328,-101,-1228,-81,1
1101,34769,-2084,-3,-964,-76,1
1102,34806,-2044,34,-1056,-4,1
1103,34838,-1928,49,-936,-9,1
1104,34869,-1820,-45,-1196,10,1
1105,34900,-1684,-71,-1068,79,1
1106,34931,-1584,86,-1064,135,1
1107,34963,-1472,8,-1132,46,1
1108,34994,-1788,-52,-1192,87,1
1109,35025,-1736,-70,-1056,73,1
1110,35057,-2032,34,-1124,76,1
1111,35088,-2040,-11,-1132,67,1
1112,35121,-2128,-27,-1432,34,1
1113,35159,-2172,-89,-1244,10,1
1114,35190,-2128,-54,-1360,13,1
1115,35222,-1992,-127,-1224,-33,1
1116,35254,-1848,-83,-1020,14,1
1117,35284,-1816,28,-992,28,1
1118,35322,-1888,110,-1276,55,1
1119,35353,-1960,29,-1264,-5,1
1120,35385,-2004,-9,-1524,-1,1
1121,35417,-1920,45,-1236,-26,1
1122,35448,-1796,6,-1148,-28,1
1123,35479,-1776,-3,-1112,-61,1
1124,35511,-1904,36,-1028,1,1
1125,35543,-1800,72,-1248,8,1
1126,35574,-1676,20,-1208,-6,1
1127,35605,-1924,-26,-1076,14,1
1128,35637,-1928,0,-1236,16,1
1129,35668,-1896,-1,-1044,3,1
1130,35699,-1796,-13,-1124,29,1
1131,35731,-1704,48,-1172,40,1
1132,35763,-1684,31,-1000,63,1
1133,35793,-1636,45,-944,82,1
1134,35829,-1480,-60,-796,118,1
1135,35861,-1644,217,-772,175,1
1136,35893,-1532,377,-804,230,1
1137,35923,-1356,647,-1304,340,1
1138,35955,-1356,467,-1692,134,1
1139,35987,-1764,146,-1176,173,1
1140,36018,-1948,111,-1220,91,1
1141,36049,-2188,47,-1216,38,1
1142,36081,-2172,6,-1092,20,1
1143,36112,-2040,47,-1260,-6,1
1144,36144,-1876,-27,-1436,-44,1
1145,36175,-1908,-66,-1268,-53,1
1146,36206,-1932,20,-1340,5,1
1147,36238,-1856,-3,-1288,-27,1
1148,36270,-1812,-30,-1036,-14,1
1149,36306,-1784,-59,-1352,-17,1
1150,36338,-1548,-76,-1024,-97,1
1151,36369,-1676,-6,-1104,-6,1
1152,36401,-1588,-18,-940,-105,1
1153,36432,-1632,-39,-780,12,1
1154,36463,-1752,-59,-956,-27,1
1155,36495,-1568,-72,-908,-24,1
1156,36527,-1628,-63,-1032,-1,1
1157,36557,-1524,2,-912,-16,1
1158,36589,-1588,50,-948,-14,1
1159,36620,-1492,-25,-1028,-23,1
1160,36652,-1732,80,-944,-29,1
1161,36683,-1692,16,-1072,-22,1
1162,36714,-1784,0,-1132,-16,1
1163,36746,-1892,-51,-1228,-33,1
1164,36777,-1688,-38,-1100,-53,1
1165,36813,-1464,-86,-980,-2,1
1166,36844,-1404,35,-736,-78,1
1167,36876,-1552,-40,-864,-34,1
1168,36907,-1756,-38,-928,-82,1
1169,36938,-1936,-55,-1076,-71,1
1170,36970,-1628,-180,-1292,15,1
1171,37001,-1784,-105,-1184,9,1
1172,37032,-1812,67,-1296,16,1
1173,37064,-1900,1,-1348,9,1
1174,37095,-1684,-74,-1248,0,1
1175,37127,-1728,-31,-1104,-10,1
1176,37157,-1656,26,-1088,31,1
1177,37189,-1476,-50,-1284,42,1
1178,37221,-1404,-34,-1140,44,1
1179,37252,-1540,-28,-1172,62,1
1180,37283,-1640,-44,-1084,1,1
1181,37320,-1852,-123,-1016,43,1
1182,37352,-1860,-124,-1348,4,1
1183,37384,-1940,-87,-1172,-29,1
1184,37414,-1664,52,-1072,-48,1
1185,37446,-1512,169,-1280,-61,1
1186,37478,-1760,-102,-976,-4,1
1187,37509,-1828,-25,-1348,-23,1
1188,37540,-1728,1,-1152,-19,1
1189,37572,-1812,-183,-940,-8,1
1190,37603,-1772,-10,-1188,40,1
1191,37635,-1896,42,-1120,2,1
1192,37665,-1712,34,-1132,32,1
1193,37697,-1888,-1,-1012,-4,1
1194,37729,-1960,-29,-1072,-7,1
1195,37760,-1888,59,-1176,19,1
1196,37795,-1832,14,-1168,40,1
1197,37827,-1852,8,-1160,50,1
1198,37858,-1940,-3,-1228,22,1
1199,37890,-1820,-72,-1104,-6,1
1200,37921,-1948,80,-1244,-5,1
1201,37952,-1752,-5,-1136,-10,1
1202,37984,-1836,39,-948,124,1
1203,38016,-1796,101,-756,119,1
1204,38046,-1776,189,-1084,127,1
1205,38078,-1684,94,-1748,100,1
1206,38110,-2048,-25,-1540,128,1
1207,38140,-2148,-56,-1448,21,1
1208,38172,-2008,13,-1232,48,1
1209,38204,-2156,-31,-1264,-13,1
1210,38235,-2016,-126,-1064,-27,1
1211,38266,-1596,-54,-1080,-39,1
1212,38303,-1684,-10,-956,-20,1
1213,38335,-1656,42,-1140,-5,1
1214,38367,-1672,-17,-1528,-3,1
1215,38397,-1888,42,-1292,22,1
1216,38429,-1924,-102,-1372,5,1
1217,38460,-2036,-70,-1336,-28,1
1218,38492,-2124,-69,-1320,-49,1
1219,38523,-2064,-152,-1404,-29,1
1220,38554,-2112,-76,-1240,-49,1
1221,38586,-2156,-64,-1140,-29,1
1222,38618,-1916,-108,-1252,-52,1
1223,38648,-2136,-73,-1276,-68,1
1224,38680,-2176,-72,-1344,-110,1
1225,38712,-2068,-141,-1348,-96,1
1226,38743,-2160,-115,-1328,-74,1
1227,38779,-2012,-84,-1172,-105,1
1228,38810,-1908,-111,-1164,-70,1
1229,38842,-1836,-125,-968,-114,1
1230,38874,-1736,-96,-1108,-70,1
1231,38904,-1576,-120,-1416,-61,1
1232,38936,-1668,-10,-1332,-60,1
1233,38968,-1828,-53,-1128,-42,1
1234,38999,-1928,-19,-1088,-24,1
1235,39030,-1808,-64,-1040,-33,1
1236,39063,-1620,-48,-1016,-28,1
1237,39101,-1708,3,-1040,19,1
1238,39133,-1708,-35,-1124,46,1
1239,39164,-1864,1,-1040,36,1
1240,39195,-1780,-49,-1460,43,1
1241,39227,-1624,163,-1312,22,1
1242,39264,-2064,34,-1304,26,1
1243,39296,-2000,-15,-1196,-8,1
1244,39326,-1976,-45,-1176,-19,1
1245,39358,-1852,36,-1136,-15,1
1246,39390,-1752,50,-1040,39,1
1247,39421,-1824,30,-1256,50,1
1248,39453,-1868,-11,-1292,57,1
1249,39484,-1772,-4,-1260,4,1
1250,39516,-1784,-11,-1292,-14,1
1251,39547,-1920,22,-1244,42,1
1252,39578,-1852,73,-1284,40,1
1253,39610,-1784,35,-1140,50,1
1254,39642,-1628,39,-1128,12,1
1255,39672,-1684,64,-1232,34,1
1256,39704,-1760,34,-1276,33,1
1257,39736,-1840,19,-1360,18,1
1258,39771,-1772,-56,-1000,65,1
1259,39802,-1524,-79,-1184,30,1
1260,39834,-1608,25,-960,41,1
1261,39866,-1760,33,-928,7,1
1262,39897,-1844,23,-1204,61,1
1263,39928,-1860,-12,-1256,18,1
1264,39959,-1892,30,-1288,21,1
1265,39991,-1756,-31,-1464,18,1
1266,40023,-1624,59,-1272,-24,1
1267,40054,-1592,58,-1128,2,1
1268,40085,-1824,18,-1412,-75,1
1269,40117,-1992,0,-1200,-1,1
1270,40148,-2068,-65,-1520,-9,1
1271,40179,-1960,-27,-1428,12,1
1272,40211,-1720,-44,-1404,-14,1
1273,40243,-1620,-69,-1256,1,1
1274,40280,-1856,-18,-1072,-19,1
1275,40310,-1548,-40,-1312,11,1
1276,40342,-1528,-12,-1360,77,1
1277,40374,-2004,22,-1404,77,1
1278,40404,-2176,89,-1276,87,1
1279,40436,-2024,26,-1172,-35,1
1280,40468,-2036,-52,-1064,18,1
1281,40500,-1864,-26,-1468,-37,1
1282,40530,-1688,-12,-1184,-66,1
1283,40562,-1512,-64,-1276,-41,1
1284,40594,-1492,-73,-1212,-13,1
1285,40626,-1420,-10,-1124,-39,1
1286,40656,-1528,-71,-1100,19,1
1287,40688,-1788,-48,-984,-19,1
1288,40720,-1860,-31,-1428,18,1
1289,40756,-2020,-5,-1292,-42,1
1290,40786,-2036,-77,-1280,-15,1
1291,40818,-1836,-66,-1236,-84,1
1292,40850,-1724,-80,-1192,-10,1
1293,40882,-1660,-38,-1120,-86,1
1294,40912,-1600,-13,-988,-43,1
1295,40944,-1460,41,-1188,-36,1
1296,40976,-1656,-54,-1428,52,1
1297,41007,-1732,-13,-1492,-18,1
1298,41038,-1752,57,-1452,4,1
1299,41070,-1704,-14,-1240,-15,1
1300,41101,-1684,2,-1236,43,1
1301,41133,-1584,3,-1180,45,1
1302,41163,-1760,20,-1044,30,1
1303,41195,-1544,16,-1256,42,1
1304,41227,-1612,1,-1368,88,1
1305,41264,-1860,54,-1340,80,1
1306,41294,-1764,14,-1456,58,1
1307,41326,-1976,51,-1336,46,1
1308,41357,-1848,61,-1184,61,1
1309,41389,-1736,13,-1204,11,1
1310,41420,-1844,35,-1336,56,1
1311,41451,-1824,-3,-1228,-9,1
1312,41483,-1736,52,-1256,1,1
1313,41513,-1584,21,-1248,14,1
1314,41545,-1584,60,-1364,40,1
1315,41577,-1696,33,-1328,46,1
1316,41608,-1964,94,-1268,67,1
1317,41639,-1812,56,-1184,54,1
1318,41670,-1780,12,-1376,57,1
1319,41702,-1784,76,-1220,47,1
1320,41734,-1756,44,-1248,42,1
1321,41769,-1536,65,-1116,46,1
1322,41800,-1680,60,-1240,44,1
1323,41832,-1772,111,-1196,43,1
1324,41863,-1564,55,-1200,66,1
1325,41894,-1508,60,-964,78,1
1326,41925,-1496,142,-1076,165,1
1327,41957,-1544,238,-1692,135,1
1328,41989,-1768,184,-1140,154,1
1329,42019,-2000,78,-1320,70,1
1330,42051,-1908,-44,-1208,16,1
1331,42083,-1740,1,-1192,23,1
1332,42114,-1644,73,-1252,48,1
1333,42145,-1620,1,-1316,25,1
1334,42176,-1600,73,-1108,34,1
1335,42208,-1652,9,-1244,28,1
1336,42238,-1548,-37,-1196,23,1
1337,42275,-1788,64,-1096,-7,1
1338,42307,-1664,-4,-1280,9,1
1339,42338,-1700,32,-1196,9,1
1340,42370,-1756,37,-1200,52,1
1341,42401,-1700,-60,-1212,8,1
1342,42432,-1656,-48,-1236,-7,1
1343,42464,-1648,-15,-1224,14,1
1344,42494,-1612,22,-1152,24,1
1345,42526,-1612,-4,-1108,17,1
1346,42558,-1644,25,-1132,23,1
1347,42589,-1648,-7,-1176,21,1
1348,42620,-1616,-31,-1288,29,1
1349,42652,-1708,8,-1316,32,1
1350,42683,-1580,-30,-1188,11,1
1351,42715,-1676,-27,-1224,-27,1
1352,42750,-1820,39,-964,-17,1
1353,42781,-1552,-16,-1160,-14,1
1354,42813,-1456,-62,-1092,18,1
1355,42845,-1588,12,-1156,77,1
1356,42875,-1608,-6,-1224,7,1
1357,42907,-1660,3,-1408,1,1
1358,42938,-1728,-35,-1280,5,1
1359,42970,-1716,-78,-1232,9,1
1360,43002,-1700,-22,-1128,9,1
1361,43040,-1500,-25,-1084,-25,1
1362,43072,-1564,19,-1196,-9,1
1363,43104,-1520,21,-1228,-18,1
1364,43134,-1540,247,-1388,20,1
1365,43166,-1800,-64,-1352,22,1
1366,43198,-1980,69,-1368,37,1
1367,43229,-2220,61,-1600,-25,1
1368,43266,-1884,-1,-1168,-57,1
1369,43297,-1832,-4,-1248,-56,1
1370,43329,-1556,-72,-820,-44,1
1371,43360,-1476,-115,-1500,-5,1
1372,43392,-1748,-132,-960,-78,1
1373,43423,-1672,-114,-1384,-56,1
1374,43455,-1688,-122,-1268,-4,1
1375,43487,-1756,315,-1396,52,1
1376,43517,-1600,133,-1200,54,1
1377,43549,-1864,207,-1392,65,1
1378,43581,-2236,170,-1332,23,1
1379,43613,-1788,127,-1364,82,1
1380,43643,-1780,372,-1348,10,1
1381,43675,-2048,-85,-1204,-32,1
1382,43707,-1736,-206,-1232,-58,1
1383,43739,-1572,-241,-1252,-66,1
1384,43774,-1664,-299,-1424,-46,1
1385,43805,-1608,106,-832,-98,1
1386,43837,-1624,-32,-944,-110,1
1387,43869,-1588,123,-448,-123,1
1388,43899,-1392,192,-992,-24,1
1389,43931,-1356,130,-884,-52,1
1390,43963,-1316,117,-900,-24,1
1391,43994,-1292,33,-984,-10,1
1392,44025,-1228,-144,-1296,-41,1
1393,44057,-1424,38,-1472,-83,1
1394,44088,-1488,-177,-1716,-91,1
1395,44120,-1212,-276,-1580,-275,1
1396,44151,-1304,-292,-1440,-416,1
1397,44183,-1280,-501,-1724,-323,1
1398,44214,-1228,-620,-2628,-398,1
1399,44252,-1544,-348,-1532,-560,1
1400,44283,-1136,121,196,-413,1
1401,44314,-1164,360,-72,-332,1
1402,44346,-1620,-277,-1388,-611,1
1403,44378,-1148,-1118,-1580,-658,1
1404,44409,-536,-528,-392,-803,1
1405,44440,-264,-96,1208,-696,1
1406,44472,656,-265,1120,-767,1
1407,44504,492,-6,712,-1015,1
1408,44534,768,125,1048,-873,1
1409,44566,636,62,1204,-639,1
1410,44597,664,320,1100,-571,1
1411,44628,468,284,1340,-631,1
1412,44659,336,214,1468,-547,1
1413,44691,608,-43,1432,-492,1
1414,44727,688,-328,1596,-272,1
1415,44758,792,-306,1440,-225,1
1416,44789,864,-47,1304,-190,1
1417,44821,2056,-685,1684,-78,1
1418,44852,764,-133,2412,-249,0
1419,44883,1312,-33,1892,13,0
1420,44914,1044,219,1608,-8,0
1421,44946,1112,192,2032,-7,0
1422,44977,1112,193,1740,127,0
1423,45008,1348,630,1692,58,0
1424,45039,1348,742,1972,95,0
1425,45071,1284,664,2032,135,0
1426,45102,-12,-417,1760,100,0
1427,45133,1484,247,1740,63,0
1428,45164,1236,-33,2028,66,0
1429,45196,1092,8,1960,31,0
1430,45233,1340,39,2276,114,0
1431,45263,1376,93,1648,99,0
1432,45295,1188,6,1996,97,0
1433,45326,1432,56,1948,77,0
1434,45358,1548,74,1916,124,0
1435,45388,1480,25,2060,97,0
1436,45420,1540,108,2128,149,0
1437,45451,1448,76,2224,184,0
1438,45483,1704,101,1912,191,0
1439,45514,1528,233,1844,171,0
1440,45545,1448,156,2092,60,0
1441,45577,1360,107,2104,78,0
1442,45607,1536,-54,1980,80,0
1443,45639,1060,92,1908,45,0
1444,45670,1596,-20,2116,72,0
1445,45702,1532,86,1848,64,0
1446,45732,1712,-11,1980,21,0
1447,45768,1672,28,2100,48,0
1448,45800,1520,-19,2028,4,0
1449,45831,1448,-11,2048,29,0
1450,45862,1244,-11,1924,-30,0
1451,45893,1504,-60,1876,39,0
1452,45925,1224,27,1968,-25,0
1453,45956,1348,-99,2224,-2,0
1454,45987,1368,4,1932,-15,0
1455,46019,1424,31,1840,-22,0
1456,46050,1228,-76,1828,-38,0
1457,46082,1284,-48,1924,-113,0
1458,46112,1332,-24,1948,-86,0
1459,46144,1380,31,2032,-44,0
1460,46175,1188,7,2032,-93,0
1461,46206,1388,-7,1872,-38,0
1462,46237,1144,-46,1792,-53,0
1463,46274,1364,-69,1768,-34,0
1464,46306,1284,-80,1768,4,0
1465,46337,1248,31,1844,-53,0
1466,46368,1136,-47,1816,-96,0
1467,46399,1064,-44,1688,-131,0
1468,46431,1284,240,2484,-83,0
1469,46462,1780,393,1392,155,0
1470,46493,668,213,1292,80,0
1471,46525,468,-80,1492,56,0
1472,46556,944,-146,2048,-26,0
1473,46587,1368,-70,1776,76,0
1474,46618,1076,53,1680,80,0
1475,46650,964,32,2004,57,0
1476,46681,1128,-93,1644,87,0
1477,46712,1312,-2,1704,102,0
1478,46743,1324,47,1680,68,0
1479,46775,904,63,1460,39,0
1480,46810,844,137,1568,39,0
1481,46841,1128,52,1228,134,0
1482,46872,748,93,1812,107,0
1483,46904,200,23,1420,137,0
1484,46936,168,-10,1496,78,0
1485,46973,632,10,1324,96,0
1486,47005,996,68,1484,62,0
1487,47037,1100,63,1468,116,0
1488,47068,856,11,1492,83,0
1489,47099,916,-71,1600,68,0
1490,47130,800,-2,1496,27,0
1491,47161,800,-7,1368,17,0
1492,47193,912,25,1496,19,0
1493,47223,1004,-35,1556,-54,0
1494,47255,1064,-81,1592,7,0
1495,47287,916,-2,1492,5,0
1496,47318,804,-75,1404,-1,0
1497,47354,976,72,1516,3,0
1498,47385,924,-31,1572,19,0
1499,47417,928,25,1516,17,0
1500,47448,804,-44,1148,28,0
1501,47479,780,-44,1264,43,0
1502,47510,792,14,1496,46,0
1503,47542,860,-48,1204,67,0
1504,47572,724,-30,1292,206,0
1505,47604,692,-3,1264,225,0
1506,47636,732,64,1332,122,0
1507,47667,668,-39,1440,42,0
1508,47698,752,-104,1468,70,0
1509,47729,824,-38,1256,100,0
1510,47761,744,-55,1232,116,0
1511,47792,840,41,1252,135,0
1512,47823,912,-24,1396,125,0
1513,47854,852,2,1320,30,0
1514,47890,716,16,1464,3,0
1515,47922,888,39,1388,-198,0
1516,47952,856,47,1256,-160,0
1517,47984,832,29,1352,-89,0
1518,48015,884,-25,1292,-281,0
1519,48047,1000,9,1536,-284,0
1520,48077,1004,-88,1480,-170,0
1521,48109,948,-68,1300,-95,0
1522,48141,1064,49,1492,-53,0
1523,48172,1240,-17,1364,-30,0
1524,48203,1104,-32,1536,-17,0
1525,48234,1172,-3,1804,61,0
1526,48266,836,-13,1516,41,0
1527,48296,684,-52,1468,90,0
1528,48328,1104,115,1260,26,0
1529,48359,1064,-50,1532,63,0
1530,48391,1072,-39,1392,71,0
1531,48428,820,-17,1352,68,0
1532,48458,912,39,1356,59,0
1533,48490,944,47,1392,105,0
1534,48521,984,64,1540,125,0
1535,48552,1064,30,1564,28,0
1536,48583,1084,-15,1664,-34,0
1537,48615,960,-146,1440,21,0
1538,48647,1020,50,1400,-8,0
1539,48677,924,80,1668,-7,0
1540,48708,780,-132,980,-118,0
1541,48740,936,-223,1544,-153,0
1542,48772,1308,-48,2116,-86,0
1543,48802,1672,134,1080,-60,0
1544,48834,1196,128,1820,-7,0
1545,48865,984,-28,1288,6,0
1546,48897,724,-150,1460,-13,0
1547,48932,732,-17,1208,-1,0
1548,48963,916,-72,1636,-16,0
1549,48995,932,-75,1300,27,0
1550,49026,688,-93,1304,-3,0
1551,49057,656,-44,1160,-2,0
1552,49088,732,59,1260,9,0
1553,49119,972,-67,1204,1,0
1554,49150,1172,-27,1340,-22,0
1555,49181,1136,-27,1508,-6,0
1556,49213,1088,22,1404,-27,0
1557,49244,1064,-121,1400,15,0
1558,49275,620,-131,1740,38,0
1559,49306,352,66,1188,32,0
1560,49338,756,89,1252,7,0
1561,49369,916,3,1200,-30,0
1562,49400,1440,-353,1292,5,0
1563,49431,1008,-87,1592,6,0
1564,49468,1020,-79,1256,50,0
1565,49500,1112,-215,1484,50,0
1566,49530,1444,-2,1652,59,0
1567,49562,1088,-96,1460,84,0
1568,49593,1424,17,1284,144,0
1569,49625,1164,-54,1100,142,0
1570,49655,1084,-94,1284,135,0
1571,49687,1136,-56,1164,162,0
1572,49719,1300,84,1388,147,0
1573,49750,904,-25,1128,164,0
1574,49781,1152,-81,1192,208,0
1575,49812,1068,4,1320,267,0
1576,49844,1132,64,880,277,0
1577,49874,996,-78,1080,280,0
1578,49906,1012,4,840,277,0
1579,49937,872,14,900,293,0
1580,49968,712,-22,968,326,0
1581,50003,628,58,724,335,0
1582,50034,728,5,308,388,0
1583,50066,584,-29,-128,324,0
1584,50097,128,239,-512,523,0
1585,50128,-56,150,-16,545,0
1586,50159,-364,168,-48,364,0
1587,50190,-420,-27,456,390,0
1588,50222,-336,206,744,87,0
1589,50252,-172,192,908,288,0
1590,50284,-416,11,-60,232,0
1591,50315,-1172,-152,-576,132,0
1592,50347,-848,-34,-680,199,0
1593,50377,-1188,42,-768,150,0
1594,50409,-1628,336,-712,107,1
1595,50440,-1688,369,-296,246,1
1596,50471,-968,157,-432,144,1
1597,50508,-1380,205,-72,161,1
1598,50540,-612,-92,-552,191,1
1599,50573,-1224,385,-120,219,1
1600,50605,-1348,6,-744,250,1
1601,50635,-1524,342,-1264,245,1
1602,50668,-1120,279,-836,282,1
1603,50700,-2108,42,-832,262,1
1604,50731,-1880,82,-952,194,1
1605,50763,-2100,-13,-1292,226,1
1606,50795,-2156,15,-1036,156,1
1607,50827,-1768,47,-932,122,1
1608,50859,-1772,44,-996,91,1
1609,50898,-2076,-83,-972,101,1
1610,50930,-2060,-64,-1092,98,1
1611,50962,-2120,-9,-1356,109,1
1612,50994,-2108,-74,-1396,92,1
1613,51031,-2212,-33,-1144,27,1
1614,51062,-1948,-39,-1232,30,1
1615,51094,-2048,-112,-1404,29,1
1616,51127,-2160,-13,-1168,22,1
1617,51159,-1896,15,-1208,48,1
1618,51190,-1900,-50,-928,22,1
1619,51222,-1852,14,-876,149,1
1620,51254,-1840,39,-496,136,1
1621,51286,-2348,-28,-900,154,1
1622,51317,-2084,-152,-1064,18,1
1623,51350,-2068,-155,-1240,11,1
1624,51382,-1792,-291,-1760,-28,1
1625,51414,-1496,-53,-1928,-22,1
1626,51445,-1472,-76,-1588,-65,1
1627,51478,-1692,-19,-1288,-79,1
1628,51516,-2028,-142,-1424,-102,1
1629,51548,-1964,-106,-1100,-211,1
1630,51579,-1704,-107,-1300,-172,1
1631,51612,-1780,-119,-1656,-186,1
1632,51644,-1828,-94,-1320,-146,1
1633,51676,-1692,-141,-1432,-129,1
1634,51708,-1688,-138,-1336,-137,1
1635,51740,-1708,-81,-1068,-151,1
1636,51772,-1596,-101,-1188,-82,1
1637,51805,-1800,-157,-1276,-101,1
1638,51836,-1640,-47,-1384,-104,1
1639,51868,-1752,-146,-1488,-119,1
1640,51901,-1640,-177,-1356,-173,1
1641,51933,-1660,-149,-1296,-138,1
1642,51964,-1804,-215,-1744,-134,1
1643,52001,-1868,-185,-1492,-162,1
1644,52033,-1920,-185,-1648,-123,1
1645,52066,-2100,-155,-1944,-58,1
1646,52098,-2236,-64,-1652,-55,1
1647,52129,-2140,-64,-1732,-91,1
1648,52161,-1892,-141,-1656,-68,1
1649,52193,-1972,-70,-1548,-24,1
1650,52226,-1660,22,-1416,58,1
1651,52257,-1580,82,-1452,101,1
1652,52289,-1532,46,-1440,72,1
1653,52321,-1608,51,-1160,98,1
1654,52353,-1596,-33,-1568,64,1
1655,52384,-1604,126,-1384,68,1
1656,52417,-1760,101,-1440,60,1
1657,52449,-1848,60,-1560,24,1
1658,52486,-1636,6,-1500,34,1
1659,52517,-1584,140,-1496,-46,1
1660,52550,-1516,16,-1328,-36,1
1661,52582,-1480,86,-1020,49,1
1662,52614,-1344,51,-1016,162,1
1663,52645,-1268,161,-968,142,1
1664,52677,-1432,203,-1128,195,1
1665,52709,-1492,140,-1348,156,1
1666,52741,-1708,105,-1404,82,1
1667,52772,-1940,11,-1904,122,1
1668,52805,-2072,-11,-1632,6,1
1669,52837,-2156,-40,-1620,-42,1
1670,52869,-1828,93,-1468,-16,1
1671,52900,-1768,-24,-1416,-44,1
1672,52932,-1744,15,-1344,-13,1
1673,52969,-1652,20,-1228,6,1
1674,53001,-1708,-29,-1532,8,1
1675,53032,-1692,6,-1476,-35,1
1676,53064,-1764,-40,-1612,-26,1
1677,53096,-1832,9,-1632,-32,1
1678,53128,-1764,8,-1556,-16,1
1679,53159,-1676,-44,-1428,8,1
1680,53191,-1644,-48,-1272,10,1
1681,53223,-1672,-3,-1424,27,1
1682,53255,-1580,100,-1400,-2,1
1683,53287,-1696,34,-1336,25,1
1684,53319,-1696,25,-1608,13,1
1685,53351,-1736,-37,-1344,-27,1
1686,53383,-1528,34,-1448,14,1
1687,53414,-1644,31,-1428,3,1
1688,53446,-1708,3,-1304,22,1
1689,53475,-1528,-23,-1460,-15,1
1690,53507,-1572,-21,-1432,10,1
1691,53539,-1672,47,-1316,-15,1
1692,53571,-1556,-57,-1240,-48,1
1693,53603,-1440,-43,-1356,-53,1
1694,53635,-1524,-41,-1284,-33,1
1695,53666,-1592,-69,-1460,-7,1
1696,53698,-1656,-44,-1388,2,1
1697,53731,-1624,-128,-1276,-22,1
1698,53763,-1940,-121,-1696,-12,1
1699,53794,-1944,-166,-1780,-52,1
1700,53826,-2108,-120,-2004,-70,1
1701,53858,-1796,-128,-2004,-37,1
1702,53891,-1780,-30,-1560,-63,1
1703,53922,-1872,-133,-1608,-66,1
1704,53959,-1820,-34,-1368,-127,1
1705,53992,-1704,42,-1156,-78,1
1706,54024,-1676,67,-1452,-53,1
1707,54055,-1664,136,-1476,-47,1
1708,54087,-1804,-61,-1524,-2,1
1709,54119,-1800,-83,-1628,-59,1
1710,54151,-1636,-151,-1436,-24,1
1711,54183,-1680,-110,-1408,-63,1
1712,54215,-1772,-95,-1308,-63,1
1713,54247,-1740,-73,-1584,-66,1
1714,54279,-1732,-67,-1436,-2,1
1715,54310,-1792,-89,-1520,16,1
1716,54342,-1916,109,-1372,-39,1
1717,54375,-1788,-245,-1832,-66,1
1718,54407,-1724,-140,-1564,-40,1
1719,54443,-1832,-95,-1520,-55,1
1720,54475,-1712,59,-1584,-74,1
1721,54507,-1820,-92,-1360,-46,1
1722,54539,-1572,19,-1488,-48,1
1723,54571,-1568,35,-1260,-58,1
1724,54602,-1520,-92,-1288,-29,1
1725,54634,-1732,-1,-1100,-46,1
1726,54666,-1256,-101,-1304,-7,1
1727,54697,-1732,-162,-1248,-42,1
1728,54730,-1652,-91,-1448,-57,1
1729,54762,-1540,7,-1400,25,1
1730,54794,-1612,-99,-1472,-35,1
1731,54825,-1728,-242,-1444,-36,1
1732,54857,-1688,-96,-1844,-14,1
1733,54890,-1932,-100,-1712,-72,1
1734,54929,-1984,-214,-1700,-63,1
1735,54967,-1752,-202,-1388,-79,1
1736,54999,-1876,-397,-1612,-159,1
1737,55031,-1820,-422,-1524,-109,1
1738,55063,-1980,-243,-1752,-109,1
1739,55095,-1936,-259,-1540,-191,1
1740,55128,-2008,-41,-1648,-186,1
1741,55159,-2044,-153,-2316,-182,1
1742,55191,-2012,-1,-2076,-281,1
1743,55223,1280,-1146,-2016,-370,0
1744,55256,-1796,-26,-1404,-566,0
1745,55287,-936,89,-180,-621,0
1746,55319,-684,164,164,-687,0
1747,55351,-592,382,16,-595,0
1748,55383,-956,405,176,-567,0
1749,55419,-236,529,532,-479,0
1750,55450,456,160,732,-499,0
1751,55483,700,27,724,-390,0
1752,55514,600,-46,572,-384,0
1753,55545,492,-54,360,-353,0
1754,55577,524,157,716,-272,0
1755,55609,472,476,1008,-333,0
1756,55641,0,108,988,-339,0
1757,55672,268,88,1336,-793,0
1758,55704,368,-90,1644,-433,0
1759,55736,740,-43,1360,-357,0
1760,55768,704,92,1616,-442,0
1761,55799,804,77,1560,-375,0
1762,55831,1200,60,1848,-264,0
1763,55863,1144,-118,968,-109,0
1764,55895,1176,101,1108,-72,0
1765,55926,1196,193,1724,2,0
1766,55964,1112,215,1548,123,0
1767,55996,988,122,1820,131,0
1768,56028,740,112,1932,142,0
1769,56059,808,-25,1568,129,0
1770,56091,964,125,1304,184,0
1771,56123,1040,109,1384,110,0
1772,56155,748,126,1364,145,0
1773,56186,996,64,1196,82,0
1774,56218,900,34,1608,104,0
1775,56250,1024,72,1596,115,0
1776,56282,1052,86,1728,95,0
1777,56313,868,-12,1760,80,0
1778,56345,916,167,1412,111,0
1779,56377,860,83,1460,116,0
1780,56409,896,95,1072,107,0
1781,56440,776,87,1420,92,0
1782,56472,948,78,1612,108,0
1783,56508,1064,76,1428,89,0
1784,56540,852,43,1604,116,0
1785,56571,956,110,1720,145,0
1786,56603,1016,108,1384,163,0
1787,56635,952,56,1356,122,0
1788,56667,860,78,1332,91,0
1789,56697,808,5,1332,122,0
1790,56729,860,4,1372,131,0
1791,56761,756,98,1300,147,0
1792,56793,836,103,1320,142,0
1793,56824,664,29,1264,37,0
1794,56856,896,-26,1372,37,0
1795,56888,804,36,1284,100,0
1796,56920,656,42,1092,67,0
1797,56950,732,46,1240,75,0
1798,56982,884,44,1432,50,0
1799,57014,868,-20,1200,73,0
1800,57051,960,-1,1424,60,0
1801,57082,876,-46,1468,45,0
1802,57114,1008,34,1272,25,0
1803,57146,936,-30,1160,82,0
1804,57178,904,-24,1188,34,0
1805,57209,884,35,1208,63,0
1806,57241,1028,40,1168,39,0
1807,57273,744,1,1276,45,0
1808,57305,800,52,1212,19,0
1809,57336,984,-20,1236,29,0
1810,57367,880,49,1276,-3,0
1811,57399,892,20,1136,35,0
1812,57431,948,7,1244,44,0
1813,57462,804,-8,1172,33,0
1814,57494,940,-30,1120,18,0
1815,57526,856,14,1444,69,0
1816,57558,892,35,1252,40,0
1817,57593,872,26,1176,48,0
1818,57625,832,-16,1248,32,0
1819,57657,800,0,1116,43,0
1820,57689,888,32,1116,37,0
1821,57720,880,-34,1188,27,0
1822,57752,928,-61,1308,0,0
1823,57783,808,-14,1244,30,0
1824,57815,964,-29,1360,27,0
1825,57846,856,-45,1196,28,0
1826,57878,824,57,1308,68,0
1827,57910,996,-87,1324,63,0
1828,57942,1032,6,1076,76,0
1829,57973,1044,52,1140,47,0
1830,58005,1068,-55,1116,3,0
1831,58037,1096,4,1240,24,0
1832,58068,992,69,1148,6,0
1833,58099,1052,13,1208,26,0
1834,58131,892,52,1168,67,0
1835,58169,896,86,1292,20,0
1836,58201,876,-33,1296,54,0
1837,58232,788,23,1032,56,0
1838,58263,564,-45,1204,36,0
1839,58295,656,-66,1092,35,0
1840,58327,732,-92,1112,-2,0
1841,58358,664,-38,1032,-59,0
1842,58390,536,1,1172,-54,0
1843,58422,552,-122,1032,-58,0
1844,58454,528,-130,944,-31,0
1845,58485,780,-199,1220,-52,0
1846,58517,1136,-114,1024,-9,0
1847,58549,1072,-80,1028,19,0
1848,58580,964,-28,1068,5,0
1849,58612,1204,-26,944,21,0
1850,58644,1248,-82,1320,-35,0
1851,58676,1220,64,1344,-34,0
1852,58712,1220,-88,1392,-6,0
1853,58743,1316,-21,1456,6,0
1854,58775,1000,19,1076,-71,0
1855,58807,1028,-111,1100,-19,0
1856,58839,1112,-184,1068,-103,0
1857,58871,1396,-60,1572,-41,0
1858,58910,600,-101,1272,-85,0
1859,58942,304,-88,776,-95,0
1860,58974,80,-209,796,-149,0
1861,59005,660,-203,564,-102,0
1862,59037,188,-165,824,-115,0
1863,59069,1100,-223,836,-130,0
1864,59101,1180,-181,1192,-111,0
1865,59132,1536,-26,1240,-68,0
1866,59164,1548,340,1312,-52,0
1867,59196,1756,258,1264,-31,0
1868,59234,980,-208,1376,11,0
1869,59266,1284,-245,1172,14,0
1870,59297,352,-586,1000,-21,0
1871,59329,1008,-116,924,-59,0
1872,59361,820,163,712,-64,0
1873,59393,1396,88,1180,-85,0
1874,59425,1316,278,1160,-56,0
1875,59457,1304,237,1140,-91,0
1876,59489,1480,273,1036,-113,0
1877,59521,1432,184,1064,-59,0
1878,59552,1816,312,1404,-108,0
1879,59584,560,-966,844,-63,0
1880,59616,300,-890,956,-79,0
1881,59648,1332,-1266,1040,-66,0
1882,59679,2988,-962,1156,-48,0
1883,59711,576,-607,1420,-59,0
1884,59748,2456,-860,968,-38,0
1885,59780,1676,-442,904,13,0
1886,59811,1988,-21,1292,-25,0
1887,59843,1676,-245,940,49,0
1888,59875,1616,12,1256,19,0
1889,59907,1568,57,952,61,0
1890,59938,1812,-228,916,-24,0
1891,59970,1204,257,1144,19,0
1892,60002,1596,409,1008,-2,0
1893,60034,2100,1179,1136,-278,0
1894,60065,1232,864,1496,-16,0
1895,60097,1292,151,1160,84,0
1896,60129,1588,-467,736,107,0
1897,60161,6780,1907,928,47,0
1898,60192,1356,294,1200,81,0
1899,60224,2332,233,1392,-29,0
1900,60262,1404,-195,1464,102,0
1901,60294,1264,-501,1192,-59,0
1902,60325,684,-851,624,-38,0
1903,60357,1672,-300,684,-90,0
1904,60389,1976,-278,1236,-50,0
1905,60421,1732,92,1496,-115,0
1906,60452,1968,-93,884,-225,0
1907,60484,2744,241,1396,-75,0
1908,60516,2500,885,1356,-33,0
1909,60548,1408,1114,416,-35,0
1910,60579,392,1231,1332,-87,0
1911,60611,344,1338,1152,-40,0
1912,60643,1448,-410,1012,-104,0
1913,60675,1736,-966,1504,-72,0
1914,60706,2728,-980,868,-2,0
1915,60738,2380,-854,1140,73,0
1916,60775,1456,734,1680,17,0
1917,60807,860,766,864,110,0
1918,60837,880,863,804,-86,0
1919,60869,764,1056,1504,-12,0
1920,60901,1636,11,796,-41,0
1921,60933,1500,-78,904,-113,0
1922,60964,2440,-1039,932,-95,0
1923,60996,2720,-329,1664,-50,0
1924,61028,3144,-3,1088,-26,0
1925,61060,2428,371,1148,34,0
1926,61091,2388,-246,1164,16,0
1927,61123,1664,-235,628,-70,0
1928,61155,1864,-166,992,21,0
1929,61187,948,427,1900,-61,0
1930,61218,256,1713,836,-27,0
1931,61250,908,835,1280,19,0
1932,61287,1616,-328,824,16,0
1933,61319,1608,-402,1020,75,0
1934,61350,1176,-273,932,113,0
1935,61382,1516,310,932,51,0
1936,61414,860,507,1248,146,0
1937,61446,1884,82,1072,46,0
1938,61477,1408,133,940,-47,0
1939,61509,1564,-964,1152,-53,0
1940,61541,-80,-145,1076,22,0
1941,61573,-388,500,612,-55,0
1942,61604,-36,813,996,-84,0
1943,61636,340,531,1340,-133,0
1944,61668,424,60,1068,-143,0
1945,61700,1972,-505,844,-119,0
1946,61731,1096,39,1188,-57,0
1947,61763,560,363,1184,-44,0
1948,61795,1692,-93,1120,3,0
