"index","timeReal","AccYHip","GyroYHip","AccYKnee","GyroYKnee","Occupancy"
0,2505,15052,18,7152,72,0
1,2535,15072,127,7012,49,0
2,2565,15196,151,7108,34,0
3,2593,15268,12,7084,5,0
4,2623,15144,-12,6960,-60,0
5,2653,15136,1,7012,-87,0
6,2682,15140,8,7152,-86,0
7,2712,15160,-12,6948,-81,0
8,2742,15052,35,7044,-39,0
9,2771,15036,6,6980,-20,0
10,2801,15116,93,7028,1,0
11,2830,15316,77,7000,22,0
12,2860,15168,-14,7016,45,0
13,2889,15068,9,7012,15,0
14,2919,15148,40,7100,10,0
15,2949,15340,-30,7036,-23,0
16,2982,15136,-1,7064,-45,0
17,3011,15072,-18,7032,-43,0
18,3040,15064,-11,7032,-21,0
19,3068,15184,29,7076,-5,0
20,3097,15260,-49,7064,-14,0
21,3126,15056,-86,7136,-1,0
22,3154,15208,13,7080,1,0
23,3183,15140,14,7020,7,0
24,3212,15164,-13,6988,-2,0
25,3240,15120,-31,6980,16,0
26,3269,15176,-7,7048,37,0
27,3298,15132,54,7040,2,0
28,3326,15072,65,7052,23,0
29,3355,15180,8,7032,12,0
30,3384,15184,-18,7060,-12,0
31,3412,15096,-6,7024,-22,0
32,3441,15164,-31,6940,-30,0
33,3470,15316,18,7064,-20,0
34,3505,15180,76,7080,-35,0
35,3533,15172,11,7084,-101,0
36,3562,15108,102,6984,-105,0
37,3591,15196,82,7128,4,0
38,3619,15268,34,7112,-12,0
39,3648,15200,33,7080,34,0
40,3677,15112,30,7060,75,0
41,3705,15168,-37,6936,98,0
42,3734,15192,-52,7080,17,0
43,3763,15260,36,6960,-57,0
44,3791,15268,-79,6984,-33,0
45,3820,15200,4,7024,-60,0
46,3849,15064,-94,7024,-55,0
47,3877,15252,-112,7168,-77,0
48,3906,15176,-181,7128,-45,0
49,3935,15156,-86,7072,-40,0
50,3963,15080,-30,7092,-42,0
51,3990,15184,26,6988,-17,0
52,4019,15084,74,7000,15,0
53,4047,15160,17,7016,15,0
54,4076,15180,-8,6912,29,0
55,4105,15196,72,7004,10,0
56,4133,15136,-33,7012,25,0
57,4162,15004,83,7020,-17,0
58,4191,15228,178,7052,-28,0
59,4219,15116,218,6904,-64,0
60,4256,15404,-60,7184,-55,0
61,4285,15256,139,7016,-19,0
62,4314,15048,153,7056,34,0
63,4342,15220,67,7076,3,0
64,4371,15220,146,6936,-27,0
65,4400,15192,80,6980,-19,0
66,4428,15292,109,7000,5,0
67,4457,15052,190,6792,-23,0
68,4487,15228,134,7000,173,0
69,4519,15184,44,7044,40,0
70,4548,15112,14,6972,-275,0
71,4577,15320,102,7168,10,0
72,4605,15820,-98,7084,204,0
73,4635,15244,198,6816,-158,0
74,4664,15276,646,7140,-148,0
75,4692,15300,1025,7212,-391,0
76,4721,14820,1182,6928,-299,0
77,4750,15240,635,6836,-254,0
78,4779,15668,685,6512,-347,0
79,4808,14928,669,7032,-369,0
80,4837,15124,325,7608,-290,0
81,4866,15376,544,8012,-258,0
82,4894,15624,297,7704,-68,0
83,4923,15280,37,7484,-367,0
84,4952,15280,-180,7984,-695,0
85,4980,15268,-194,8068,-829,0
86,5015,15100,-275,8612,-835,0
87,5044,15368,-244,8680,-967,0
88,5072,15316,-76,8656,-1201,0
89,5102,15452,-47,9176,-1260,0
90,5131,14964,-156,9292,-1346,0
91,5159,15304,-180,9436,-1308,0
92,5188,15008,-134,9472,-1264,0
93,5218,15456,320,9836,-1096,0
94,5246,15056,105,10396,-918,0
95,5275,15684,200,10428,-837,0
96,5304,15448,249,10500,-649,0
97,5332,15160,435,10432,-692,0
98,5362,15468,12,10924,-569,0
99,5391,15264,-104,10900,-695,0
100,5420,14796,-742,11252,-719,1
101,5449,14476,102,11888,-796,1
102,5482,15704,1168,12628,-913,1
103,5511,15400,663,12844,-1028,1
104,5539,15040,446,12644,-1155,1
105,5569,15280,780,12588,-1240,1
106,5598,15316,1492,12788,-1137,1
107,5626,14512,1572,12720,-1122,1
108,5655,15456,168,12756,-1142,1
109,5685,15288,202,12972,-1035,1
110,5713,15148,657,13004,-916,1
111,5742,15112,356,13580,-888,1
112,5771,15236,459,13308,-773,1
113,5800,15228,377,13584,-719,1
114,5829,15024,291,13824,-582,1
115,5858,15432,191,13704,-482,1
116,5886,15632,330,14056,-261,1
117,5921,15116,139,14228,-316,1
118,5950,15156,122,14512,-305,1
119,5980,15104,79,13928,-269,1
120,6008,15316,-197,13920,-361,1
121,6037,15432,-164,14140,-436,1
122,6066,15064,-439,14416,-505,1
123,6095,14708,-479,14092,-537,1
124,6124,15600,-250,13780,-613,1
125,6153,15260,-245,14684,-692,1
126,6182,15176,68,14444,-847,1
127,6211,15220,197,14192,-773,1
128,6240,15340,343,15052,-651,1
129,6268,15296,360,15592,-720,1
130,6297,15328,610,15364,-585,1
131,6327,15216,858,15160,-609,1
132,6360,15216,649,15284,-600,1
133,6388,15180,829,15780,-536,1
134,6418,15356,912,15876,-425,1
135,6447,15036,481,15280,-580,1
136,6475,14916,660,15240,-586,1
137,6504,15248,500,15304,-611,1
138,6534,15244,782,15292,-607,1
139,6562,15120,750,15700,-475,1
140,6591,15276,628,15932,-449,1
141,6620,15584,918,15764,-443,1
142,6648,15192,838,16000,-265,1
143,6678,14988,838,15660,-82,1
144,6707,15144,909,15504,-99,1
145,6735,15368,366,15208,-181,1
146,6764,15132,686,15576,14,1
147,6793,15044,468,15496,-108,1
148,6828,15252,279,15980,-150,1
149,6856,15200,301,15492,23,1
150,6886,15172,112,15588,-53,1
151,6915,15192,131,15788,-278,1
152,6943,15132,153,15308,10,1
153,6972,15052,-246,14352,-212,1
154,7001,15180,-95,15816,-37,1
155,7030,15372,-39,15160,-268,1
156,7059,15188,-189,15648,-186,1
157,7088,15260,-36,15140,-197,1
158,7116,15240,-258,15568,-109,1
159,7146,15196,-103,15620,-148,1
160,7175,15264,-298,15264,-72,1
161,7203,15128,-259,16228,-93,1
162,7232,15468,-251,15920,-100,1
163,7259,15204,-315,15716,0,1
164,7287,15400,-261,15532,-207,1
165,7316,15340,-274,15948,-131,1
166,7346,15416,-255,15460,256,1
167,7374,15220,-245,16124,336,1
168,7403,15356,-203,15672,314,1
169,7432,15116,-355,15344,-28,1
170,7460,15208,-82,15572,38,1
171,7490,15144,-117,15536,36,1
172,7519,15392,-101,16180,218,1
173,7547,15332,-107,16028,348,1
174,7576,15284,-174,15776,181,1
175,7605,15056,-32,15328,263,1
176,7634,15076,-9,15608,37,1
177,7663,15132,42,15792,42,1
178,7692,15360,168,15264,352,1
179,7725,15424,240,17008,530,1
180,7753,15840,504,16464,260,1
181,7783,14940,590,15512,386,1
182,7812,15076,271,15424,414,1
183,7840,15508,534,15904,665,1
184,7870,15388,390,15964,489,1
185,7906,15180,157,15520,85,1
186,7934,15112,123,16292,-204,1
187,7964,15256,85,15408,-483,1
188,7993,14876,-14,15580,-459,1
189,8022,15292,-208,15252,-440,1
190,8051,15052,17,15648,-293,1
191,8080,15304,-244,15280,-308,1
192,8109,15308,-181,15604,-123,1
193,8137,15124,88,15520,-55,1
194,8166,15060,-264,14956,-65,1
195,8201,15208,-274,15512,54,1
196,8230,15336,-117,15696,58,1
197,8259,15152,-428,15200,-3,1
198,8288,15276,-393,15528,-69,1
199,8317,15356,-448,15484,-139,1
200,8346,15344,-520,15628,-123,1
201,8375,15308,-401,16208,-236,1
202,8404,15644,-332,16556,-374,1
203,8433,15172,-286,16408,-416,1
204,8462,14976,-386,14576,-493,1
205,8492,15092,-241,15964,-194,1
206,8520,15084,-78,15884,-34,1
207,8549,15340,-33,15452,-92,1
208,8578,15068,107,15512,-8,1
209,8607,15292,151,15288,98,1
210,8636,15368,-140,15328,81,1
211,8669,15592,-5,15224,-84,1
212,8697,16036,-73,15592,-350,1
213,8727,15504,-418,16704,-685,1
214,8756,14892,-527,16492,-757,1
215,8784,14680,-67,14748,-399,1
216,8813,14948,18,15368,-157,1
217,8843,15676,98,15828,208,1
218,8871,14800,40,15564,288,1
219,8900,15320,233,14668,324,1
220,8929,15256,-45,15520,381,1
221,8958,15568,99,15768,427,1
222,8987,15348,24,15572,384,1
223,9016,15448,185,14988,224,1
224,9044,15308,-119,16476,150,1
225,9074,15428,96,16272,-42,1
226,9103,15468,-127,15764,-212,1
227,9137,15304,66,15492,-356,1
228,9166,14988,-16,15824,-306,1
229,9195,15200,46,15312,-146,1
230,9224,15084,-114,14936,27,1
231,9252,15260,164,15284,89,1
232,9282,15116,40,15312,103,1
233,9311,15496,-3,15136,228,1
234,9339,15216,38,15256,287,1
235,9368,14984,71,16716,372,1
236,9397,15568,3,16284,383,1
237,9426,15580,-319,15388,-136,1
238,9455,15764,-239,16096,-267,1
239,9484,14780,10,17320,-323,1
240,9512,15108,-213,15564,-517,1
241,9542,15004,-412,13924,-495,1
242,9575,15408,-90,15876,-215,1
243,9605,15236,-14,15592,-113,1
244,9633,15260,-314,14436,-113,1
245,9662,15252,29,13936,147,1
246,9691,15060,-307,15756,166,1
247,9719,15772,-242,14892,314,1
248,9749,14912,-149,15360,224,1
249,9778,15248,-106,15356,193,1
250,9806,15160,-143,15892,250,1
251,9835,15532,-95,15480,213,1
252,9864,15328,25,16408,167,1
253,9892,15312,-52,16244,68,1
254,9922,15540,31,16320,20,1
255,9951,15168,54,16176,-37,1
256,9979,15308,84,15776,-78,1
257,10008,15216,109,15552,-76,1
258,10043,15420,20,15884,-173,1
259,10072,15308,117,15504,-181,1
260,10100,15492,96,15376,-71,1
261,10130,15156,20,15804,11,1
262,10159,15212,-47,14844,-16,1
263,10187,15324,-61,15244,107,1
264,10216,15104,-15,15464,67,1
265,10245,15116,73,15156,39,1
266,10273,15224,16,15320,176,1
267,10303,15428,-7,15536,233,1
268,10332,15208,-97,15648,252,1
269,10360,15392,-63,15408,255,1
270,10389,15136,55,15676,261,1
271,10418,15296,-79,15312,82,1
272,10447,15364,-63,15544,126,1
273,10476,15260,-38,15636,-17,1
274,10509,15268,-271,15608,226,1
275,10539,15556,-256,16480,342,1
276,10567,15740,110,17512,647,1
277,10596,15580,-26,15072,999,1
278,10625,15200,4,13476,2070,1
279,10653,14520,-684,11864,1559,1
280,10683,14828,-213,12184,2804,1
281,10712,15300,-495,12316,2310,1
282,10740,15524,-751,14456,2664,1
283,10770,15436,-493,14416,2869,1
284,10799,15128,915,14320,3041,1
285,10827,15708,-11,14360,2891,1
286,10856,15320,913,13364,3022,1
287,10886,15336,-287,11492,2917,1
288,10914,15124,-1516,11320,2719,1
289,10949,13884,-728,9552,2309,0
290,10978,15844,208,9316,2094,0
291,11006,15268,-1398,9672,2041,0
292,11035,14980,-1178,9500,2171,0
293,11064,15044,-1610,8752,2295,0
294,11094,15612,-1006,8948,2501,0
295,11122,15376,-1367,8132,2461,0
296,11151,14404,-636,6984,2075,0
297,11181,15616,-853,7312,1595,0
298,11209,15104,-1503,7064,1514,0
299,11238,15668,-921,6436,1279,0
300,11267,15292,-814,7460,1273,0
301,11296,15272,-1429,6776,538,0
302,11325,15524,-1040,5956,351,0
303,11354,16200,48,6384,369,0
304,11386,15888,595,4556,619,0
305,11415,14660,-651,4156,273,0
306,11445,14908,-659,5772,795,0
307,11473,15284,-478,6208,638,0
308,11503,15952,-1091,4240,592,0
309,11539,15116,-515,5252,-198,0
310,11568,14896,-224,6148,-1,0
311,11597,15332,-507,5408,575,0
312,11626,15360,-418,4776,584,0
313,11655,15404,-311,5192,219,0
314,11683,15240,-284,5616,42,0
315,11712,15072,-39,5528,457,0
316,11741,15316,-133,5228,304,0
317,11770,15264,-30,5132,7,0
318,11799,15176,-71,5300,-107,0
319,11828,15308,-154,5172,-118,0
320,11863,15132,-65,5232,-76,0
321,11891,15140,-12,5252,-112,0
322,11921,15092,2,5268,-36,0
323,11950,15012,4,5216,68,0
324,11978,15028,-17,5016,110,0
325,12007,15384,66,5248,113,0
326,12036,15204,-91,5152,121,0
327,12065,15152,-114,5196,195,0
328,12094,15248,-136,5140,263,0
329,12123,15164,-176,5196,267,0
330,12151,15332,-149,5268,188,0
331,12181,15168,-195,5376,98,0
332,12210,15284,-153,5368,81,0
333,12238,15192,-142,5252,82,0
334,12267,15212,-91,5300,80,0
335,12296,15192,-115,5340,88,0
336,12329,15132,-82,5260,65,0
337,12358,15140,-22,5192,101,0
338,12387,15216,-129,5200,139,0
339,12416,15144,-108,5184,76,0
340,12444,15300,-264,5288,-8,0
341,12474,15200,-243,5388,49,0
342,12503,15172,-255,5356,80,0
343,12531,15252,-262,5504,111,0
344,12560,15072,-303,5336,109,0
345,12590,15308,-174,5304,87,0
346,12618,15200,-73,5388,61,0
347,12647,15252,-8,5228,96,0
348,12676,15012,-63,5356,155,0
349,12704,15060,9,5292,154,0
350,12733,15464,56,5300,182,0
351,12762,15248,-6,5360,46,0
352,12796,15232,41,5388,-60,0
353,12825,15364,7,5252,-100,0
354,12854,15196,23,5348,-108,0
355,12882,15276,-33,5340,-162,0
356,12912,15104,44,5220,-115,0
357,12941,15200,7,5300,-63,0
358,12969,15220,-40,5220,-38,0
359,12998,15220,17,5324,59,0
360,13027,15164,-16,5168,118,0
361,13056,15196,-43,5256,80,0
362,13084,15160,31,5356,45,0
363,13113,15304,-26,5236,-42,0
364,13143,15076,-32,5404,-49,0
365,13171,15164,-58,5344,-18,0
366,13200,15240,47,5176,15,0
367,13229,15168,-38,5288,17,0
368,13261,15300,143,5192,-27,0
369,13290,15092,-27,5244,-11,0
370,13319,15304,-6,5372,40,0
371,13348,15176,-42,5292,63,0
372,13377,15156,-37,5316,31,0
373,13406,15192,-3,5324,28,0
374,13434,15020,-109,5372,24,0
375,13463,15288,-9,5304,-26,0
376,13492,15192,-65,5344,12,0
377,13520,15192,73,5228,-16,0
378,13549,15308,76,5344,-53,0
379,13579,15296,102,5400,-29,0
380,13607,15232,90,5292,-42,0
381,13636,15280,60,5316,-66,0
382,13665,15152,-32,5352,-100,0
383,13693,15244,31,5116,-66,0
384,13722,15232,8,5196,-18,0
385,13757,15164,-92,5088,-14,0
386,13786,15224,-74,5264,13,0
387,13814,15212,-99,5300,33,0
388,13843,15224,-47,5416,49,0
389,13872,15248,-42,5308,49,0
390,13901,15168,-57,5352,84,0
391,13930,15172,34,5296,75,0
392,13959,15172,10,5304,59,0
393,13987,15164,35,5252,69,0
394,14016,15256,-37,5212,20,0
395,14045,15236,18,5188,19,0
396,14073,15084,-72,5292,15,0
397,14102,15244,46,5316,7,0
398,14131,15168,0,5412,18,0
399,14159,15172,6,5432,-4,0
400,14188,15192,41,5424,13,0
401,14217,15280,43,5276,-16,0
402,14251,15188,50,5288,-25,0
403,14279,15248,73,5328,-36,0
404,14308,15184,30,5256,-93,0
405,14337,15224,-29,5260,-93,0
406,14365,15196,99,5344,-50,0
407,14394,15208,-62,5316,7,0
408,14423,15148,35,5404,13,0
409,14451,15232,-11,5296,36,0
410,14481,15140,24,5240,20,0
411,14510,15128,73,5280,-23,0
412,14538,15224,92,5264,-2,0
413,14567,15176,76,5156,-39,0
414,14596,15328,11,5308,-42,0
415,14624,15196,4,5208,-31,0
416,14653,15304,-24,5312,-39,0
417,14682,15200,45,5280,-3,0
418,14715,15220,60,5268,-6,0
419,14744,15144,-50,5316,-5,0
420,14774,15184,26,5280,-19,0
421,14802,15100,49,5284,-6,0
422,14831,15164,-39,5172,6,0
423,14860,15276,47,5240,-22,0
424,14888,15228,-55,5268,17,0
425,14917,15304,22,5280,0,0
426,14946,15156,60,5324,-9,0
427,14974,15220,24,5316,52,0
428,15003,15164,-36,5320,39,0
429,15032,15264,-10,5288,15,0
430,15060,15088,-23,5180,14,0
431,15089,15260,-45,5272,15,0
432,15118,15184,44,5344,12,0
433,15155,15244,13,5260,2,0
434,15184,15240,-73,5204,-12,0
435,15217,15200,123,5236,8,0
436,15246,15164,45,5284,30,0
437,15275,15188,-105,5208,55,0
438,15303,15276,-43,5300,6,0
439,15332,15204,-42,5280,-39,0
440,15362,15200,76,5308,-28,0
441,15390,15280,-30,5344,-3,0
442,15419,15236,15,5204,17,0
443,15448,15092,-4,5288,5,0
444,15476,15212,9,5308,-8,0
445,15505,15216,-14,5248,-20,0
446,15534,15180,17,5280,2,0
447,15562,15156,-62,5188,25,0
448,15591,15224,23,5268,9,0
449,15620,15168,15,5240,-3,0
450,15649,15228,66,5256,-23,0
451,15678,15256,57,5364,-13,0
452,15712,15212,37,5156,3,0
453,15740,15256,20,5276,-8,0
454,15769,15180,29,5248,-8,0
455,15799,15208,2,5336,22,0
456,15827,15176,16,5284,1,0
457,15856,15300,23,5188,24,0
458,15885,15196,14,5316,2,0
459,15913,15228,30,5216,-15,0
460,15942,15204,14,5248,16,0
461,15971,15164,32,5280,28,0
462,16001,15292,-1,5296,-17,0
463,16029,15216,3,5308,-3,0
464,16058,15140,95,5212,19,0
465,16087,15316,-132,5248,14,0
466,16115,15172,45,5188,-17,0
467,16144,15136,-65,5320,-2,0
468,16173,15280,23,5256,35,0
469,16206,15148,-32,5256,44,0
470,16235,15268,15,5156,26,0
471,16264,15220,33,5364,37,0
472,16292,15236,51,5236,1,0
473,16321,15252,41,5340,10,0
474,16350,15280,47,5248,-27,0
475,16379,15236,5,5244,-12,0
476,16408,15160,-14,5312,0,0
477,16437,15248,-12,5360,33,0
478,16465,15212,-25,5096,43,0
479,16494,15184,2,5280,34,0
480,16523,15208,9,5276,22,0
481,16551,15276,-18,5196,8,0
482,16580,15164,-3,5180,15,0
483,16609,15232,-3,5312,-10,0
484,16637,15216,45,5264,-24,0
485,16667,15220,32,5288,-25,0
486,16701,15144,17,5184,-8,0
487,16730,15260,6,5196,33,0
488,16758,15044,-333,5192,-11,0
489,16788,15444,217,5296,-49,0
490,16817,15124,-178,5312,-5,0
491,16845,15224,31,5216,18,0
492,16874,15092,-44,5248,14,0
493,16903,15228,28,5252,-17,0
494,16931,15116,-80,5236,3,0
495,16961,15284,50,5252,10,0
496,16990,15188,38,5212,41,0
497,17018,15268,-25,5264,13,0
498,17047,15264,-36,5216,26,0
499,17076,15240,-131,5168,-8,0
500,17104,15224,81,5300,45,0
501,17133,15124,47,5364,32,0
502,17167,15064,27,5268,6,0
503,17195,15200,29,5236,3,0
504,17223,15196,13,5200,-37,0
505,17253,15156,39,5260,-27,0
506,17282,15268,27,5236,-10,0
507,17310,15152,33,5148,-16,0
508,17339,15200,26,5248,-9,0
509,17368,15152,-23,5216,-9,0
510,17396,15204,3,5356,29,0
511,17425,15360,2,5300,21,0
512,17454,15192,-42,5188,55,0
513,17482,15280,-26,5284,22,0
514,17512,15248,-105,5224,10,0
515,17541,15140,7,5216,5,0
516,17569,15312,-5,5172,20,0
517,17598,15148,13,5244,2,0
518,17627,15252,28,5292,-11,0
519,17660,15164,-13,5224,-12,0
520,17690,15152,31,5296,-20,0
521,17719,15216,9,5308,-1,0
522,17748,15248,22,5136,0,0
523,17777,15132,-23,5164,2,0
524,17807,15228,-12,5268,14,0
525,17836,15152,30,5264,17,0
526,17865,15240,-10,5368,24,0
527,17894,15204,-6,5292,41,0
528,17924,15256,12,5280,38,0
529,17952,15292,102,5272,12,0
530,17982,15316,-180,5232,-1,0
531,18011,15204,134,5256,14,0
532,18040,15164,-77,5260,7,0
533,18069,15188,32,5248,-9,0
534,18099,15224,-8,5236,-7,0
535,18127,15296,35,5232,-4,0
536,18161,15220,-83,5264,13,0
537,18191,15224,19,5304,-9,0
538,18220,15152,5,5200,9,0
539,18249,15328,-2,5300,-16,0
540,18278,15196,35,5296,16,0
541,18308,15232,20,5268,-7,0
542,18336,15148,-51,5216,-54,0
543,18366,15404,-26,5220,-43,0
544,18396,15064,-2,5256,-21,0
545,18424,15248,-73,5200,7,0
546,18454,15140,42,5200,5,0
547,18483,15200,10,5208,-34,0
548,18512,15196,-24,5240,43,0
549,18542,15252,-21,5212,41,0
550,18571,15144,-35,5252,58,0
551,18600,15188,-61,5256,5,0
552,18629,15240,28,5224,22,0
553,18664,15168,-46,5272,10,0
554,18693,15244,43,5228,-18,0
555,18722,15200,5,5280,-20,0
556,18752,15248,115,5296,17,0
557,18789,15200,4,5252,16,0
558,18818,15220,51,5320,16,0
559,18847,15196,-116,5160,7,0
560,18877,15236,110,5192,-2,0
561,18906,15184,-153,5252,47,0
562,18935,15208,57,5236,21,0
563,18965,15200,1,5224,33,0
564,18994,15248,17,5304,-10,0
565,19023,15144,-47,5216,18,0
566,19053,15256,21,5276,22,0
567,19082,15248,-23,5236,-8,0
568,19111,15308,2,5268,-4,0
569,19141,15220,5,5220,-7,0
570,19175,15164,52,5216,-4,0
571,19204,15256,-109,5200,-20,0
572,19233,15248,80,5196,8,0
573,19262,15124,-83,5268,3,0
574,19292,15260,48,5196,49,0
575,19321,15196,-56,5312,74,0
576,19350,15232,2,5156,49,0
577,19380,15116,-36,5204,9,0
578,19408,15340,-39,5164,31,0
579,19438,15196,-53,5192,24,0
580,19467,15300,47,5164,3,0
581,19496,15076,-80,5124,-27,0
582,19526,15284,6,5240,-2,0
583,19555,15132,-84,5288,21,0
584,19585,15192,9,5196,28,0
585,19613,15196,10,5192,30,0
586,19643,15152,31,5292,0,0
587,19678,15200,68,5264,-32,0
588,19707,15156,-27,5232,-12,0
589,19736,15220,36,5152,-7,0
590,19766,15304,20,5300,-27,0
591,19795,15236,-25,5236,0,0
592,19824,15304,46,5264,20,0
593,19854,15280,7,5220,20,0
594,19883,15240,48,5168,2,0
595,19912,15236,-65,5156,-12,0
596,19942,15208,-29,5284,-8,0
597,19971,15132,-32,5196,42,0
598,20000,15260,-13,5180,53,0
599,20030,15220,-37,5160,36,0
600,20059,15236,-64,5288,-14,0
601,20088,15288,-10,5420,-17,0
602,20117,15144,-4,5308,3,0
603,20147,15180,124,5392,-22,0
604,20180,15120,52,5320,-61,0
605,20209,15184,40,5204,-45,0
606,20239,15104,58,5096,-10,0
607,20269,15188,37,5236,52,0
608,20297,15188,6,5184,61,0
609,20327,15216,-21,5252,35,0
610,20356,15236,-8,5224,45,0
611,20385,15232,-32,5248,30,0
612,20414,15272,-47,5272,44,0
613,20444,15388,-42,5244,-3,0
614,20473,15260,11,5196,5,0
615,20502,15272,19,5264,-1,0
616,20532,15284,-15,5156,4,0
617,20560,15200,11,5208,-60,0
618,20590,15216,2,5260,-20,0
619,20619,15220,-108,5392,12,0
620,20654,15212,101,5200,6,0
621,20683,15184,-115,5268,18,0
622,20712,15344,69,5208,-32,0
623,20742,15200,4,5304,-12,0
624,20770,15204,116,5192,-45,0
625,20800,15168,-47,5236,-42,0
626,20830,15156,27,5184,-23,0
627,20858,15160,-91,5268,15,0
628,20888,15228,60,5136,20,0
629,20917,15176,-11,5096,36,0
630,20946,15128,-38,5192,36,0
631,20976,15168,-23,5176,19,0
632,21005,15280,-29,5184,8,0
633,21035,15200,-3,5288,-14,0
634,21063,15288,-18,5284,32,0
635,21093,15312,-18,5120,50,0
636,21123,15260,24,5284,9,0
637,21155,15124,34,5184,-52,0
638,21185,15216,70,5188,-7,0
639,21214,15272,-60,5260,10,0
640,21243,15168,23,5316,-11,0
641,21273,15148,37,5184,39,0
642,21302,15108,6,5136,42,0
643,21331,15144,9,5276,16,0
644,21360,15196,-35,5256,36,0
645,21390,15228,-3,5224,15,0
646,21419,15312,-16,5112,16,0
647,21448,15236,-2,5260,-3,0
648,21477,15272,-27,5208,31,0
649,21507,15216,24,5216,56,0
650,21535,15260,-46,5272,-9,0
651,21565,15324,22,5292,-10,0
652,21595,15220,35,5140,-50,0
653,21623,15152,47,5192,-35,0
654,21658,15264,40,5268,-18,0
655,21688,15152,74,5176,-14,0
656,21718,15156,101,5244,-31,0
657,21746,15196,85,5148,54,0
658,21776,15192,14,5112,24,0
659,21805,15168,6,5248,78,0
660,21834,15144,-52,5276,92,0
661,21863,15232,-83,5196,111,0
662,21893,15280,-55,5084,54,0
663,21921,15316,-75,5368,-10,0
664,21951,15208,-78,5340,16,0
665,21981,15348,-52,5272,-5,0
666,22009,15224,-17,5356,-25,0
667,22039,15152,-25,5260,-110,0
668,22068,15236,58,5184,-63,0
669,22097,15176,31,5260,-45,0
670,22131,15396,68,5316,27,0
671,22160,15204,-41,5136,47,0
672,22190,15228,50,5248,-25,0
673,22219,15212,8,5248,-5,0
674,22248,15244,-265,5188,61,0
675,22278,15008,-404,5136,912,0
676,22306,16228,-566,5348,-840,0
677,22336,12648,1212,4840,-2692,0
678,22366,15708,-458,4936,1891,0
679,22394,15764,769,5444,-856,0
680,22424,15336,623,6088,148,0
681,22455,16152,872,4948,-166,0
682,22491,15200,179,7568,-943,0
683,22520,15608,402,8016,184,0
684,22549,15424,485,7900,200,0
685,22579,15792,239,8268,-633,0
686,22614,15536,118,8736,-1128,0
687,22643,15380,125,9080,-1710,0
688,22673,15500,58,9048,-2392,0
689,22703,15404,425,9756,-3253,0
690,22731,15112,567,10336,-4030,0
691,22761,15212,1092,11500,-4280,0
692,22791,15152,1207,11752,-4363,0
693,22820,15252,1206,11744,-4368,0
694,22850,15048,1031,12584,-4150,0
695,22880,17064,354,14184,-3115,1
696,22909,14128,673,13608,-2713,1
697,22938,15592,1311,13820,-1914,1
698,22968,15948,967,14880,-1492,1
699,22998,15616,222,14492,-1076,1
700,23027,15196,1173,14124,-579,1
701,23061,15664,837,13208,-395,1
702,23091,15164,844,13400,-351,1
703,23120,14892,1097,13816,-167,1
704,23149,15008,1346,14244,-307,1
705,23179,14964,977,15300,21,1
706,23208,15508,855,15612,-173,1
707,23237,15376,317,15208,-233,1
708,23267,15096,810,15564,-263,1
709,23297,15432,531,15620,-312,1
710,23326,15168,417,15816,-523,1
711,23355,15292,582,15124,-515,1
712,23385,15352,367,15872,-526,1
713,23414,15452,420,15592,-467,1
714,23444,15212,445,15300,-556,1
715,23474,15232,244,15536,-540,1
716,23508,15516,469,16288,-461,1
717,23538,15548,64,15292,-708,1
718,23568,15232,357,16016,-785,1
719,23597,15588,222,16128,-687,1
720,23626,15268,239,16384,-511,1
721,23656,15172,207,14696,-465,1
722,23686,15304,53,15636,-459,1
723,23714,15504,143,15388,-307,1
724,23744,15136,72,15344,-432,1
725,23774,14948,7,16052,-249,1
726,23803,15564,69,15776,-169,1
727,23832,15300,-280,16148,-250,1
728,23862,15180,-45,14964,-194,1
729,23891,14904,-91,15776,-131,1
730,23921,15132,-115,15392,-100,1
731,23955,15520,-129,15752,-165,1
732,23985,15636,-247,16140,-54,1
733,24013,15480,-32,16184,-262,1
734,24043,15320,-225,15272,-179,1
735,24073,15040,-50,15616,-272,1
736,24102,15540,-174,16448,-193,1
737,24132,15176,-168,15760,-291,1
738,24161,15144,-139,15700,-201,1
739,24190,15196,7,15648,-96,1
740,24219,15388,-57,15296,-100,1
741,24249,15136,-105,15460,-85,1
742,24279,15340,21,15848,-9,1
743,24308,15224,-108,15744,-10,1
744,24337,15384,66,15352,-62,1
745,24367,15304,-39,15812,-1,1
746,24401,15412,-19,16368,-13,1
747,24431,15284,21,15424,-8,1
748,24460,15240,-55,15612,69,1
749,24489,15304,-96,15760,11,1
750,24519,15472,-82,15400,12,1
751,24549,15124,-24,16148,-31,1
752,24578,15296,44,15680,19,1
753,24607,15176,-43,15468,-21,1
754,24636,15448,-76,15432,-30,1
755,24666,15308,27,16168,-75,1
756,24695,15404,155,15480,-4,1
757,24725,15168,-49,15536,-64,1
758,24754,15300,15,15592,112,1
759,24783,15396,101,16080,61,1
760,24813,15304,50,15284,108,1
761,24842,15316,134,15520,108,1
762,24876,15516,61,16036,249,1
763,24905,15232,0,16228,195,1
764,24935,15764,-36,15976,-122,1
765,24964,15388,174,15148,-256,1
766,24993,15048,261,16360,-277,1
767,25023,15412,143,15312,-102,1
768,25053,15120,-44,15108,-125,1
769,25081,15272,41,15552,-66,1
770,25111,15536,-81,15428,58,1
771,25140,15192,6,15056,-6,1
772,25169,15000,-191,14900,107,1
773,25199,15028,-428,15624,70,1
774,25228,15416,-300,16268,-57,1
775,25257,15456,-183,15796,-56,1
776,25287,15320,-388,15604,-40,1
777,25322,15296,-328,16612,-178,1
778,25352,15412,-164,16112,-191,1
779,25381,15168,-291,15700,-107,1
780,25410,15144,-162,15752,-91,1
781,25440,15200,-431,15708,-282,1
782,25469,15432,-245,15520,-215,1
783,25499,15528,-241,16120,-343,1
784,25528,15152,-149,15740,-215,1
785,25558,15288,-213,15148,-177,1
786,25587,15376,-106,16092,-68,1
787,25617,15376,-205,15912,-24,1
788,25647,15400,-427,14972,-57,1
789,25675,15360,-323,16208,-270,1
790,25705,15340,-318,15832,-102,1
791,25735,15204,-610,15380,-239,1
792,25768,15232,-189,16040,-432,1
793,25798,15588,-114,16424,-263,1
794,25827,15364,-331,15928,-164,1
795,25857,15280,-238,15312,-89,1
796,25886,15112,-217,16240,-141,1
797,25916,15536,-199,16292,5,1
798,25945,15328,-305,15268,-41,1
799,25974,15200,-104,15972,-94,1
800,26004,15480,-40,16836,-74,1
801,26033,15440,-46,15668,-50,1
802,26062,15336,-35,15952,-65,1
803,26092,15312,124,16040,-39,1
804,26121,15128,-63,15740,11,1
805,26151,15440,91,15664,119,1
806,26188,15364,-9,15608,64,1
807,26217,15320,73,15848,117,1
808,26253,15116,-28,15656,185,1
809,26283,15164,129,15200,13,1
810,26311,15360,115,16240,-12,1
811,26341,15344,99,16428,-70,1
812,26371,15660,71,15812,-100,1
813,26400,15028,92,16224,-239,1
814,26430,15232,266,15712,-94,1
815,26459,15480,59,15816,-117,1
816,26488,15480,91,15784,-166,1
817,26518,15092,195,15916,-26,1
818,26548,15236,53,15372,92,1
819,26577,15224,-37,15368,113,1
820,26606,15368,146,15368,144,1
821,26636,15236,-168,15472,74,1
822,26665,15164,-105,15948,112,1
823,26699,15380,-177,16008,48,1
824,26729,15440,-58,15308,92,1
825,26759,15160,-310,16516,-126,1
826,26787,15496,-184,15604,57,1
827,26817,15260,-356,15784,-78,1
828,26847,15452,-214,16024,-49,1
829,26876,14964,-50,16204,-89,1
830,26906,15480,-307,16048,14,1
831,26935,14856,-173,16044,150,1
832,26964,16092,-68,16540,498,1
833,26994,15720,-691,18472,1407,1
834,27024,16220,-202,21260,1617,1
835,27053,16760,-91,17588,3498,1
836,27082,15316,943,10644,5902,1
837,27112,14280,711,7976,6810,1
838,27139,13552,-648,8160,6940,1
839,27168,15220,-538,10044,6574,1
840,27197,15332,-554,11624,6387,1
841,27227,15928,166,10956,6271,1
842,27256,14608,-624,10044,6060,1
843,27286,15124,-943,10520,5601,1
844,27315,14352,-473,10632,5173,1
845,27344,15764,-2289,9036,4449,1
846,27374,14868,-304,9212,4429,1
847,27404,14600,-1280,8492,3213,1
848,27432,15980,-1947,8336,2306,1
849,27462,16100,-680,8892,1891,1
850,27492,14880,-854,8044,1175,1
851,27522,15444,-2169,7220,1549,1
852,27550,11200,-1573,6708,1815,0
853,27585,17488,316,6336,1849,0
854,27615,15812,-1552,14644,5341,0
855,27644,18212,1387,5776,-886,0
856,27674,14128,-160,-1884,281,0
857,27703,13356,-1591,4120,-780,0
858,27732,15156,-177,7936,1611,0
859,27762,16516,-1374,5580,637,0
860,27791,15868,-22,2604,256,0
861,27821,14428,82,5076,-350,0
862,27850,15688,-113,6356,-301,0
863,27880,15364,-53,4328,124,0
864,27909,15216,-282,4824,-131,0
865,27938,15368,-135,5264,-329,0
866,27967,15204,-184,5268,-290,0
867,27997,15276,-88,5096,-100,0
868,28030,15148,-73,4992,-22,0
869,28060,15168,-140,4864,-12,0
870,28089,15152,-158,4832,20,0
871,28119,15072,-176,4896,15,0
872,28147,15136,-181,5100,197,0
873,28177,14844,-115,4972,329,0
874,28207,15292,-217,5000,378,0
875,28235,15420,-438,4972,431,0
876,28265,14988,-200,5032,401,0
877,28295,15044,-100,5156,375,0
878,28323,15348,90,5244,292,0
879,28353,15392,170,5100,-26,0
880,28382,15348,265,5024,-277,0
881,28411,15308,283,5032,-417,0
882,28441,15284,298,5004,-351,0
883,28470,15220,275,5048,-263,0
884,28505,15172,181,4892,-166,0
885,28534,15232,127,4784,-38,0
886,28564,15112,26,4880,35,0
887,28593,15092,9,4916,137,0
888,28622,15296,-141,4916,380,0
889,28651,15192,-145,4960,432,0
890,28681,15244,-300,4804,312,0
891,28710,15244,-213,4980,132,0
892,28739,15332,-200,5116,56,0
893,28769,15260,-56,5076,15,0
894,28797,15276,-14,5096,-7,0
895,28827,15216,49,4960,-114,0
896,28856,15224,44,5032,-151,0
897,28886,15224,46,5048,-99,0
898,28915,15176,59,5044,-45,0
899,28944,15232,34,4860,-43,0
900,28978,15248,56,4992,-32,0
901,29007,15160,3,5024,-6,0
902,29036,15260,-4,4948,-49,0
903,29066,15148,-46,4972,-68,0
904,29094,15212,12,4944,-20,0
905,29124,15280,-14,4992,4,0
906,29153,15140,75,4956,-15,0
907,29182,15224,19,4944,-55,0
908,29211,15212,7,5116,-55,0
909,29241,15136,104,5032,-32,0
910,29271,15200,29,5024,-76,0
911,29299,15244,32,4968,-65,0
912,29329,15336,-7,5044,-32,0
913,29358,15244,48,4984,11,0
914,29387,15188,-28,4920,6,0
915,29416,15148,70,4900,-80,0
916,29446,15232,17,4904,-90,0
917,29480,15220,24,5124,-77,0
918,29509,15172,85,4976,29,0
919,29539,15104,24,4908,-25,0
920,29569,15220,48,4964,-4,0
921,29597,15152,43,4972,32,0
922,29627,15112,24,5016,44,0
923,29656,15220,1,5016,124,0
924,29685,15304,15,5004,121,0
925,29714,15184,-41,4928,82,0
926,29744,15168,-49,4920,20,0
927,29772,15288,-81,5032,70,0
928,29802,15236,5,5024,41,0
929,29831,15208,-16,4980,38,0
930,29869,15308,-18,5136,-10,0
931,29898,15180,-38,5108,-15,0
932,29927,15240,0,5128,-35,0
933,29957,15240,0,5032,-16,0
934,29990,15232,-12,5008,19,0
935,30020,15180,-32,4960,-15,0
936,30049,15212,-28,4980,-27,0
937,30078,15220,14,5144,-50,0
938,30107,15200,54,4960,-51,0
939,30137,15164,18,4980,-107,0
940,30167,15224,44,5020,-75,0
941,30195,15180,-4,4956,-51,0
942,30225,15220,22,5016,33,0
943,30254,15200,35,5040,40,0
944,30283,15212,0,5012,76,0
945,30313,15224,9,4944,-28,0
946,30342,15308,-47,4996,-13,0
947,30371,15164,50,4852,35,0
948,30400,15308,-45,5012,3,0
949,30430,15152,37,5096,68,0
950,30465,15280,12,4932,34,0
951,30494,15216,-8,4984,30,0
952,30523,15288,-55,5016,11,0
953,30553,15180,32,4928,17,0
954,30581,15128,32,5056,-12,0
955,30611,15176,3,4976,-16,0
956,30641,15220,23,4984,2,0
957,30669,15196,5,4968,4,0
958,30699,15332,-38,4956,34,0
959,30728,15268,57,4996,13,0
960,30757,15240,-85,4948,14,0
961,30787,15144,26,4980,30,0
962,30816,15188,-20,5104,-10,0
963,30845,15240,-69,4944,-52,0
964,30875,15180,-38,5008,-25,0
965,30904,15184,14,4888,-16,0
966,30934,15280,4,4936,-64,0
967,30967,15244,-38,5032,-52,0
968,30997,15164,-19,5116,14,0
969,31026,15324,-11,5104,56,0
970,31055,15204,25,4988,88,0
971,31084,15172,65,4988,33,0
972,31114,15184,-19,4964,-29,0
973,31143,15212,-35,4924,-44,0
974,31172,15280,11,5000,-17,0
975,31202,15288,-134,5016,28,0
976,31230,15232,92,5012,-16,0
977,31260,15180,-23,4984,-12,0
978,31290,15212,25,4884,-44,0
979,31319,15264,5,4940,-39,0
980,31348,15192,53,4984,-51,0
981,31377,15168,43,5020,-51,0
982,31407,15204,-20,5016,-11,0
983,31441,15208,0,4860,-27,0
984,31471,15148,21,4956,6,0
985,31500,15248,-32,4960,33,0
986,31529,15176,1,5012,80,0
987,31558,14872,-31,4812,61,0
988,31588,15308,-22,4868,36,0
989,31618,15408,55,4956,20,0
990,31646,15224,112,5064,39,0
991,31676,15268,-35,5120,35,0
992,31705,15360,228,4928,-190,0
993,31734,15288,221,4944,-462,0
994,31764,15128,217,5088,-353,0
995,31793,15144,305,4992,-115,0
996,31822,15076,332,4916,-103,0
997,31852,15148,281,4712,-87,0
998,31881,15144,257,4776,-120,0
999,31910,15112,191,4656,-220,0
1000,31944,15252,147,4752,-184,0
1001,31974,15104,69,4792,-106,0
1002,32003,15032,-81,4824,-79,0
1003,32032,15336,-220,4952,-60,0
1004,32062,14768,-137,4928,35,0
1005,32091,15232,-75,4992,178,0
1006,32120,15144,-101,4828,213,0
1007,32150,15064,21,4856,94,0
1008,32179,15020,34,4944,157,0
1009,32208,15184,-62,4820,211,0
1010,32237,15248,-47,4820,226,0
1011,32267,15152,-148,4908,234,0
1012,32295,15352,-154,5088,313,0
1013,32325,13284,-909,4976,345,0
1014,32355,15664,41,4964,335,0
1015,32390,15316,-1181,5080,318,0
1016,32418,15092,-92,5208,320,0
1017,32448,14836,-236,5040,308,0
1018,32478,15020,-961,5028,98,0
1019,32506,15532,-1714,4968,-62,0
