"index","timeReal","AccYHip","GyroYHip","AccYKnee","GyroYKnee","Occupancy"
0,2516,-160,7,60,8,1
1,2546,-216,4,-172,0,1
2,2575,-320,-29,-152,26,1
3,2605,-324,26,-168,16,1
4,2634,-340,-9,-196,14,1
5,2672,-464,5,-300,28,1
6,2702,-508,13,-232,31,1
7,2731,-548,25,-240,20,1
8,2760,-384,0,-332,12,1
9,2790,-256,17,-180,-19,1
10,2820,-336,-52,-144,-4,1
11,2849,-420,-9,-80,-8,1
12,2878,-240,20,-196,33,1
13,2908,-360,21,-188,14,1
14,2937,-524,31,-208,1,1
15,2967,-488,-332,-252,-28,1
16,2997,-456,-74,-208,11,1
17,3031,-440,-116,-116,4,1
18,3059,-456,46,-80,52,1
19,3088,-388,81,-160,37,1
20,3117,-528,144,-96,53,1
21,3145,-820,-74,-244,37,1
22,3173,-604,-3,-388,15,1
23,3202,-652,25,-304,8,1
24,3230,-600,82,-164,9,1
25,3259,-520,150,68,23,1
26,3288,-540,141,56,45,1
27,3316,-516,225,-60,-1,1
28,3345,-476,132,12,-2,1
29,3373,-300,146,96,14,1
30,3401,-420,139,16,31,1
31,3430,-380,186,-116,64,1
32,3459,-540,181,8,39,1
33,3487,-588,226,104,36,1
34,3515,-512,158,80,-39,1
35,3544,-364,171,224,11,1
36,3578,-600,155,-76,16,1
37,3606,-588,81,-148,25,1
38,3635,-576,64,-140,-8,1
39,3663,-608,71,92,-30,1
40,3692,-680,19,8,4,1
41,3721,-712,23,128,-14,1
42,3748,-800,-19,-176,-27,1
43,3777,-876,-85,-160,-11,1
44,3806,-668,-45,-304,-18,1
45,3834,-680,-45,140,-54,1
46,3863,-608,-26,116,-43,1
47,3892,-476,27,300,-12,1
48,3920,-456,-51,216,-4,1
49,3949,-508,22,4,-17,1
50,3977,-416,29,72,10,1
51,4005,-496,33,-60,27,1
52,4034,-644,-18,-44,27,1
53,4063,-668,59,116,26,1
54,4091,-644,-1,56,23,1
55,4117,-620,45,-28,-3,1
56,4145,-608,21,36,28,1
57,4173,-636,10,28,-6,1
58,4202,-648,15,-28,-16,1
59,4231,-756,14,-24,-22,1
60,4258,-544,-6,44,-14,1
61,4287,-752,30,-4,-11,1
62,4316,-656,-9,-128,-34,1
63,4344,-688,-6,-56,-45,1
64,4373,-552,-47,-40,-32,1
65,4402,-576,-7,68,-44,1
66,4429,-516,-6,104,-14,1
67,4458,-316,-1,12,-37,1
68,4487,-372,10,188,14,1
69,4515,-428,-20,-20,35,1
70,4544,-364,28,152,29,1
71,4572,-448,-40,124,44,1
72,4600,-388,42,92,50,1
73,4629,-452,41,56,24,1
74,4658,-560,27,-144,52,1
75,4690,-620,-13,-192,-8,1
76,4719,-700,-21,-160,5,1
77,4747,-832,25,-32,-28,1
78,4775,-884,-35,56,-68,1
79,4804,-676,-43,-136,-104,1
80,4833,-556,-82,-160,-87,1
81,4861,-448,-75,-180,-119,1
82,4890,-316,-43,48,-128,1
83,4918,-72,-29,200,-49,1
84,4946,-196,-20,264,-58,1
85,4975,-184,26,276,-11,1
86,5004,-244,-7,92,-7,1
87,5032,-284,2,148,5,1
88,5060,-308,82,180,35,1
89,5089,-368,37,-92,61,1
90,5117,-376,38,-40,64,1
91,5146,-252,50,212,51,1
92,5175,-112,30,300,68,1
93,5202,-184,113,80,50,1
94,5236,-452,31,132,72,1
95,5265,-360,33,176,46,1
96,5294,-324,33,196,56,1
97,5322,-404,85,164,26,1
98,5351,-644,28,0,25,1
99,5379,-480,52,44,20,1
100,5407,-176,29,36,39,1
101,5436,-184,19,184,15,1
102,5464,-312,-1,208,14,1
103,5492,-120,11,200,19,1
104,5521,-272,19,216,5,1
105,5550,-284,48,204,3,1
106,5577,-248,-20,124,11,1
107,5606,-292,-17,92,4,1
108,5635,-452,-9,24,-9,1
109,5663,-288,-52,-16,-37,1
110,5691,-336,-93,216,-19,1
111,5720,-332,-65,164,-29,1
112,5748,-128,-115,248,-20,1
113,5781,256,22,304,-1,1
114,5810,104,52,188,65,1
115,5838,-48,51,252,52,1
116,5867,-104,-3,112,40,1
117,5895,-164,55,40,28,1
118,5923,-384,41,68,60,1
119,5952,-536,68,204,28,1
120,5981,-528,1,-4,27,1
121,6008,-504,15,-40,-1,1
122,6037,-608,56,120,1,1
123,6066,-232,11,-76,-13,1
124,6094,-640,-96,-40,-25,1
125,6122,-304,-48,-8,-49,1
126,6151,-288,-10,128,2,1
127,6179,-212,47,264,4,1
128,6208,-248,44,204,65,1
129,6236,-336,57,216,61,1
130,6265,-404,39,40,84,1
131,6301,-256,60,-80,89,1
132,6336,-540,-17,-56,64,1
133,6365,-388,172,-76,47,1
134,6393,-400,-18,112,99,1
135,6422,-344,-3,-56,63,1
136,6451,-356,-55,56,105,1
137,6478,-420,34,-96,115,1
138,6507,-452,-6,-152,125,1
139,6536,-664,60,-280,107,1
140,6564,-892,96,-388,113,1
141,6593,-900,53,-300,65,1
142,6622,-768,39,-368,87,1
143,6650,-852,49,-88,65,1
144,6679,-808,24,-56,84,1
145,6708,-628,0,-264,54,1
146,6736,-568,150,-120,-6,1
147,6765,-756,102,-372,17,1
148,6794,-764,95,-344,107,1
149,6822,-696,111,-228,75,1
150,6855,-880,36,-452,58,1
151,6884,-876,82,-372,3,1
152,6913,-996,-5,-504,4,1
153,6941,-804,-10,-552,10,1
154,6970,-856,-9,-384,-14,1
155,6999,-712,-18,-244,-28,1
156,7026,-804,-35,-464,-39,1
157,7056,-724,-31,-696,-26,1
158,7084,-644,-79,-500,-53,1
159,7112,-564,-76,16,-51,1
160,7141,-360,-90,524,-36,1
161,7170,-412,-64,716,-115,1
162,7198,-320,-12,132,-95,1
163,7227,-484,-33,-80,-126,1
164,7256,-256,61,340,-90,1
165,7284,-80,35,172,-98,1
166,7313,-96,-42,332,-94,1
167,7342,-164,37,48,-73,1
168,7375,-208,23,260,-51,1
169,7404,-184,9,324,-36,1
170,7433,-28,71,416,-38,1
171,7461,-200,43,228,-27,1
172,7490,-120,39,248,-60,1
173,7519,-300,-5,204,-52,1
174,7547,-352,3,204,-55,1
175,7576,-452,-43,296,-70,1
176,7605,-244,-58,320,-68,1
177,7632,-112,-54,448,-104,1
178,7661,-204,-79,268,-84,1
179,7690,-60,-112,236,-138,1
180,7718,-32,-152,248,-158,1
181,7747,-4,-203,256,-174,1
182,7776,-8,-155,372,-188,1
183,7804,-148,-148,252,-196,1
184,7833,-400,-151,232,-185,1
185,7862,-688,-143,-284,-193,1
186,7895,-936,-197,-340,-196,1
187,7923,-804,-183,-304,-212,1
188,7952,-696,-148,-136,-163,1
189,7981,-640,-123,-92,-123,1
190,8009,-416,-132,32,-83,1
191,8038,-496,-89,132,-26,1
192,8067,-252,-28,204,-17,1
193,8095,-148,-31,-96,31,1
194,8124,-184,30,64,77,1
195,8152,-364,0,-80,99,1
196,8180,-392,31,8,61,1
197,8209,-424,93,96,104,1
198,8237,-436,18,-76,104,1
199,8265,-500,119,-48,97,1
200,8294,-572,85,-12,97,1
201,8323,-544,83,-92,105,1
202,8351,-480,19,-176,118,1
203,8379,-376,55,16,108,1
204,8414,-504,94,-152,108,1
205,8442,-372,102,-40,112,1
206,8470,-424,115,32,103,1
207,8499,-548,100,-80,112,1
208,8527,-380,118,-96,116,1
209,8556,-556,92,-372,156,1
210,8585,-632,111,-420,131,1
211,8613,-564,73,-208,138,1
212,8642,-472,52,-272,165,1
213,8670,-504,68,-204,138,1
214,8698,-676,91,-116,131,1
215,8727,-568,26,-56,127,1
216,8756,-416,62,4,118,1
217,8784,-392,72,20,94,1
218,8812,-448,99,-60,98,1
219,8841,-580,105,-64,97,1
220,8869,-564,37,-276,60,1
221,8898,-680,-16,-268,-3,1
222,8931,-548,-56,-92,-32,1
223,8960,-512,-29,-156,-33,1
224,8988,-604,-145,-220,-84,1
225,9017,-712,-110,-216,-125,1
226,9046,-776,-149,-212,-119,1
227,9074,-564,-130,-176,-150,1
228,9103,-476,-158,8,-190,1
229,9132,-420,-142,-164,-193,1
230,9159,-388,-88,-36,-155,1
231,9188,-424,-127,-88,-165,1
232,9217,-520,-65,-292,-172,1
233,9245,-484,-97,-260,-183,1
234,9274,-516,-101,-160,-174,1
235,9303,-600,-137,-192,-165,1
236,9331,-668,-106,-160,-165,1
237,9360,-448,-92,-120,-133,1
238,9395,-556,-121,-152,-110,1
239,9423,-552,-45,-272,-140,1
240,9452,-576,-143,-344,-125,1
241,9481,-444,-88,-260,-104,1
242,9509,-536,-130,-312,-77,1
243,9538,-444,-76,-208,-108,1
244,9567,-492,-60,-164,-40,1
245,9595,-452,-17,164,-46,1
246,9624,-344,-7,108,-4,1
247,9652,-392,-31,-228,6,1
248,9680,-364,111,-32,41,1
249,9709,-436,76,-340,106,1
250,9738,-432,129,-152,73,1
251,9766,-368,90,-184,91,1
252,9794,-464,122,-244,95,1
253,9823,-508,133,152,146,1
254,9851,-528,103,96,120,1
255,9889,-436,50,4,128,1
256,9922,-336,150,-124,147,1
257,9951,-476,101,-84,101,1
258,9979,-332,140,156,93,1
259,10008,-408,45,-64,116,1
260,10037,-460,153,40,103,1
261,10065,-756,72,24,115,1
262,10093,-448,64,-104,99,1
263,10122,-520,146,-60,52,1
264,10150,-452,11,0,49,1
265,10179,-544,56,8,23,1
266,10208,-628,46,-88,25,1
267,10236,-548,-47,-124,7,1
268,10265,-456,-14,-108,-3,1
269,10294,-476,58,60,-36,1
270,10322,-584,-59,-268,-15,1
271,10350,-628,-47,-56,-34,1
272,10380,-552,-51,-132,-15,1
273,10408,-512,-45,-68,-33,1
274,10442,-460,-44,-60,-41,1
275,10471,-340,-50,-20,-57,1
276,10500,-364,-37,-136,-29,1
277,10528,-236,21,-144,6,1
278,10557,-408,-58,-184,12,1
279,10586,-484,27,-8,4,1
280,10614,-692,-2,20,23,1
281,10643,-808,-36,-76,9,1
282,10672,-772,-4,-232,-22,1
283,10700,-652,-62,-428,-44,1
284,10729,-320,-47,-128,-52,1
285,10758,-252,-9,60,-34,1
286,10785,-300,-36,140,-9,1
287,10814,-536,5,-148,9,1
288,10843,-720,10,-192,8,1
289,10871,-448,-16,-72,-25,1
290,10900,-352,-13,-212,-25,1
291,10934,-596,11,-152,-40,1
292,10962,-652,-25,-112,-31,1
293,10991,-468,-57,-112,-24,1
294,11020,-456,6,-180,-33,1
295,11048,-472,-19,-100,-37,1
296,11077,-540,-26,-104,-14,1
297,11106,-340,36,-116,18,1
298,11134,-452,-21,-20,21,1
299,11163,-544,-32,-204,3,1
300,11191,-480,38,-68,15,1
301,11219,-484,33,-100,2,1
302,11248,-556,26,-348,45,1
303,11277,-504,66,-180,62,1
304,11305,-564,31,-180,26,1
305,11334,-428,12,-96,46,1
306,11363,-604,-9,-124,15,1
307,11392,-480,37,24,0,1
308,11419,-468,59,-252,71,1
309,11454,-536,53,-104,39,1
310,11483,-540,75,-140,52,1
311,11511,-516,-19,-248,52,1
312,11540,-556,-3,-380,55,1
313,11569,-444,94,-108,22,1
314,11597,-488,54,-136,40,1
315,11625,-548,-23,-68,19,1
316,11654,-532,61,-172,36,1
317,11682,-536,47,-240,42,1
318,11711,-544,20,-220,40,1
319,11740,-652,-16,-284,51,1
320,11768,-576,32,-268,3,1
321,11797,-660,-48,-208,26,1
322,11826,-548,37,-240,16,1
323,11854,-580,82,-192,9,1
324,11882,-700,23,-396,18,1
325,11911,-608,-22,-252,1,1
326,11943,-600,-85,-268,-18,1
327,11972,-568,44,-344,-31,1
328,12001,-672,94,-132,-67,1
329,12029,-704,-198,-280,-23,1
330,12058,-632,-31,-292,-6,1
331,12087,-680,87,-160,-13,1
332,12115,-276,-108,-124,-12,1
333,12144,-276,101,-224,-25,1
334,12173,-584,129,-140,13,1
335,12201,-432,57,-212,3,1
336,12230,-380,33,-100,22,1
337,12259,-552,63,-204,23,1
338,12288,-512,59,-72,40,1
339,12315,-388,292,-328,38,1
340,12344,-572,70,-208,15,1
341,12372,-620,19,-192,46,1
342,12401,-656,0,-204,2,1
343,12435,-412,109,-208,10,1
344,12464,-564,-22,-144,43,1
345,12492,-680,-234,-136,37,1
346,12521,-404,102,-320,27,1
347,12550,-736,-195,-288,35,1
348,12578,-520,-181,-256,-12,1
349,12607,-172,-72,-140,12,1
350,12636,-352,-134,-152,29,1
351,12664,-516,150,-100,30,1
352,12693,-144,93,-352,60,1
353,12722,-556,258,-160,22,1
354,12750,-1264,79,-148,59,1
355,12779,-484,146,-576,67,1
356,12808,-760,-47,-604,86,1
357,12836,-576,-69,-504,119,1
358,12865,-768,60,-520,88,1
359,12894,-180,-74,-304,69,1
360,12926,-776,-256,-336,-156,1
361,12955,-1084,183,-60,39,1
362,12984,-608,39,-76,53,1
363,13011,-452,-1,-320,19,1
364,13040,-864,-4,-200,7,1
365,13069,-808,-15,-340,57,1
366,13097,-628,-23,-344,25,1
367,13126,-1036,-103,-212,51,1
368,13155,-860,-12,-364,60,1
369,13184,-580,-77,204,70,1
370,13212,-1220,-50,644,107,1
371,13241,-528,-139,492,11,1
372,13270,48,118,-4,168,1
373,13297,-1324,-528,-164,71,0
374,13326,172,-169,-300,274,0
375,13355,-272,339,-660,-169,0
376,13383,-264,558,-292,-170,0
377,13418,-188,-422,108,571,0
378,13447,-244,623,-392,918,0
379,13484,-1104,593,-732,1217,0
380,13512,-544,733,-1796,1033,0
381,13542,60,1010,-1684,1247,0
382,13571,-320,1420,-1496,1908,0
383,13599,-16,1578,-3148,2323,0
384,13628,-1180,1551,-3180,2106,0
385,13657,-2032,1717,-1916,1750,0
386,13686,-3100,1569,-1272,1390,0
387,13715,-2976,1093,544,979,0
388,13744,-1376,608,1524,979,0
389,13772,-932,501,1636,934,0
390,13801,-620,346,416,856,0
391,13830,-1428,317,-300,776,0
392,13859,-656,281,-236,848,0
393,13892,-636,-51,-2324,790,0
394,13921,-944,-263,-524,644,0
395,13949,-360,-399,-1960,729,0
396,13978,-1344,-731,-2544,502,0
397,14007,-2044,-899,-2220,428,0
398,14036,-1532,-1077,-3268,451,0
399,14065,-1516,-1015,-2412,200,0
400,14094,-1396,-1068,-1144,51,0
401,14123,-804,-1209,-1260,65,0
402,14151,-312,-1070,-508,-115,0
403,14180,996,-1260,304,-66,0
404,14209,1484,-1762,576,-162,0
405,14237,720,-1444,1052,40,0
406,14267,1396,-1716,2440,220,0
407,14296,1404,-2797,6004,-285,0
408,14324,1676,-4245,5848,-659,0
409,14359,-1012,-4615,2936,-1775,0
410,14388,-2552,-4297,-1936,-4016,0
411,14416,-2120,-3134,-11196,-3278,0
412,14446,928,-391,-11716,-1457,0
413,14475,4648,2068,-12988,-3158,0
414,14503,5380,3199,-11532,-5153,0
415,14533,3716,3404,-3612,-2970,0
416,14562,3884,2968,-8252,-4758,0
417,14590,3200,3150,-8628,-4168,0
418,14620,2756,2622,-8044,-4869,0
419,14649,2400,2882,-4444,-3744,0
420,14678,688,3773,-5148,-2229,0
421,14706,1172,4317,-6944,-2506,0
422,14736,3468,4252,-7636,-5094,0
423,14769,5716,4189,-2300,-2956,0
424,14797,5620,3811,-1932,-1444,0
425,14826,5052,3070,-340,-101,0
426,14855,5080,2589,-348,575,0
427,14884,5184,2083,1204,1903,0
428,14913,5740,916,184,1382,0
429,14942,8088,343,2896,1470,0
430,14970,5664,1448,7268,3002,0
431,14999,2492,2857,-2668,5068,0
432,15028,3236,4255,7580,10264,0
433,15057,1108,618,13248,185,0
434,15086,8304,1197,3908,928,0
435,15115,3932,4969,-12124,7312,0
436,15143,-52,-1332,-228,3606,0
437,15172,-984,2603,992,4329,0
438,15206,4376,1810,-356,4182,0
439,15235,256,528,-3788,3254,0
440,15263,-2660,304,-2532,2455,0
441,15293,-3580,546,-2228,2588,0
442,15322,-2272,591,-2724,2250,0
443,15350,-596,668,-2348,1375,0
444,15379,-784,618,12,1315,0
445,15408,-200,373,1084,1491,0
446,15436,1036,293,1024,1661,0
447,15465,120,99,812,1521,0
448,15494,-896,474,2052,1613,0
449,15522,-1692,736,1704,1524,0
450,15551,-2004,636,580,1061,0
451,15580,-1932,-73,-24,915,0
452,15609,-1520,-126,-1124,832,0
453,15638,-952,-228,-164,407,0
454,15671,-416,-670,1356,149,0
455,15699,744,-819,2436,203,0
456,15728,1280,-750,3220,415,0
457,15757,980,-1094,4172,63,0
458,15785,840,-2275,5568,-643,0
459,15814,448,-3824,8220,-1671,0
460,15843,-352,-5974,8604,-3052,0
461,15872,-1588,-6353,5880,-5804,0
462,15901,-2112,-5253,-7064,-6373,0
463,15930,-60,-2859,-10648,-3171,0
464,15959,1284,-736,-10772,-3498,0
465,15987,2488,1554,-8796,-2315,0
466,16017,1200,3045,-6412,-4546,0
467,16046,1264,3885,-10048,-5387,0
468,16074,884,3757,-11448,-8591,0
469,16109,1088,3571,-10252,-6519,0
470,16138,144,3126,-10000,-7995,0
471,16166,-592,3726,-7028,-5892,0
472,16196,-1136,4481,-6072,-4339,0
473,16225,-328,5319,-4816,-2500,0
474,16253,1776,4208,-1540,-1109,0
475,16282,3872,2495,384,2029,0
476,16311,6140,776,3196,2345,0
477,16339,6916,579,3668,753,0
478,16368,9504,3160,14220,2970,0
479,16397,8384,2346,4416,2638,0
480,16427,7080,4813,-3192,3686,0
481,16455,6152,4946,600,5368,0
482,16484,2204,1689,14620,3250,0
483,16513,2780,-3022,5372,4421,0
484,16545,4740,1030,-8544,3251,0
485,16575,-1936,3195,1100,4253,0
486,16604,-7004,553,5724,1341,0
487,16632,6356,3050,2616,5111,0
488,16661,7692,354,-3696,4118,0
489,16690,-1320,-355,-1380,3303,0
490,16718,-5068,459,-856,3084,0
491,16748,-4120,863,-4032,2304,0
492,16777,-512,668,-1520,827,0
493,16805,160,387,284,1124,0
494,16834,-452,373,284,1071,0
495,16863,-64,-177,1860,1170,0
496,16890,268,-548,2196,1711,0
497,16920,-388,-535,2336,1515,0
498,16948,-968,148,3216,1624,0
499,16976,-960,155,1624,1873,0
500,17011,-992,332,948,1854,0
501,17040,-660,145,1552,1886,0
502,17069,-120,-489,2768,1465,0
503,17106,140,-885,3788,1515,0
504,17135,1512,-1289,5292,1738,0
505,17164,2032,-1381,7580,2304,0
506,17192,2732,-3670,5752,2555,0
507,17222,-128,-5897,5248,1178,0
508,17251,-2860,-6451,3480,-3669,0
509,17280,-4996,-5483,-8580,-3447,0
510,17309,-3352,-1753,-15308,-2060,0
511,17338,3268,1260,-10596,-517,0
512,17368,6220,3414,-9380,-370,0
513,17396,2592,2680,-448,-1308,0
514,17425,2052,1633,-8764,-3766,0
515,17459,476,495,-9204,-2965,0
516,17487,96,220,-7884,-311,0
517,17516,860,490,-6552,-1935,0
518,17545,396,1615,-7812,-5401,0
519,17573,-876,2093,-6344,-6742,0
520,17602,1276,1964,-3540,-4772,0
521,17632,4240,2992,1336,-2841,0
522,17660,8116,1373,4144,-2477,0
523,17689,14176,-2252,8596,178,0
524,17719,13904,-2163,13892,-31,0
525,17747,7208,2974,1388,1752,0
526,17776,2672,6987,-2948,4656,0
527,17805,4072,2442,13224,7334,0
528,17835,2688,-2157,8572,3177,0
529,17863,5332,2641,-5276,3888,0
530,17898,-3284,-641,-224,6681,0
531,17927,-5692,2406,4132,3007,0
532,17955,4092,1649,-1220,3862,0
533,17984,2296,15,-4460,4351,0
534,18014,-3000,-282,-2588,2139,0
535,18042,-4064,464,-1128,1334,0
536,18071,-988,668,-2108,1525,0
537,18100,160,611,-504,1227,0
538,18128,-724,353,696,1299,0
539,18157,-432,-143,1824,1413,0
540,18186,740,-308,1708,1694,0
541,18214,1120,111,2132,1662,0
542,18244,-340,45,1572,1901,0
543,18273,-1920,103,616,1872,0
544,18301,-1940,56,2344,1892,0
545,18330,-992,-288,2408,1852,0
546,18364,92,-664,1208,1702,0
547,18393,1128,-1219,2352,1356,0
548,18422,-1020,-674,5056,1788,0
549,18452,1660,-1784,5996,1923,0
550,18481,2336,-2305,9468,1729,0
551,18510,1800,-5416,9872,-42,0
552,18540,-2100,-6766,8772,-3782,0
553,18569,-4436,-6534,-1468,-5234,0
554,18598,-2912,-2492,-14420,-4356,0
555,18628,3196,447,-11712,-1853,0
556,18658,5300,2265,-13480,-3275,0
557,18688,5584,2307,-10076,-3757,0
558,18716,244,1258,-2168,-5421,0
559,18746,-1044,1011,-10396,-8333,0
560,18776,-1960,583,-6632,-5495,0
561,18810,-832,1339,-5844,-2917,0
562,18839,-860,3298,-8892,-4235,0
563,18869,-1068,4581,-8808,-7370,0
564,18898,1196,4407,-6596,-6730,0
565,18928,4116,3561,-1560,-4088,0
566,18957,5112,3117,-1152,-1179,0
567,18987,6948,2876,4108,758,0
568,19016,10440,427,15324,3416,0
569,19046,10632,1347,10432,1689,0
570,19075,8480,5524,-1392,4421,0
571,19104,7868,5700,12072,8902,0
572,19133,596,-1539,5200,2613,0
573,19163,3480,3852,-3880,2856,0
574,19192,-4676,-2529,-8924,7227,0
575,19226,-7220,2199,-2660,3460,0
576,19255,1272,466,824,1410,0
577,19284,2520,-74,-588,2403,0
578,19313,-2352,-230,-2792,2210,0
579,19343,-2972,260,348,1345,0
580,19373,-1144,582,1024,1774,0
581,19401,-968,609,-12,1549,0
582,19430,-948,426,1552,887,0
583,19460,-216,320,2872,1149,0
584,19488,1468,109,2156,1371,0
585,19518,992,-253,1424,1516,0
586,19547,-376,-351,856,1819,0
587,19576,-2024,-15,1148,1656,0
588,19606,-1752,18,1328,1720,0
589,19635,-1104,-196,2044,1393,0
590,19664,-204,-822,2016,1250,0
591,19699,168,-1203,2036,1266,0
592,19728,-632,-1271,4252,1618,0
593,19758,2540,-2211,6284,1304,0
594,19787,2708,-2998,9232,1658,0
595,19816,2336,-5553,11288,177,0
596,19846,-1092,-6429,8824,-2677,0
597,19875,-5200,-5403,3432,-5575,0
598,19904,-4984,-2477,-16032,-3615,0
599,19934,824,167,-14464,272,0
600,19963,5496,2113,-13664,-2351,0
601,19993,3524,2761,-10404,-2520,0
602,20022,-1328,1988,-10484,-3904,0
603,20051,548,1335,-12508,-6062,0
604,20081,-364,-82,-8648,-588,0
605,20110,344,-192,-7916,-1407,0
606,20144,-156,1046,-8388,-1512,0
607,20173,-1664,2291,-7656,-3541,0
608,20203,-812,4358,-4000,-2005,0
609,20232,2856,4027,1960,49,0
610,20261,7772,2157,3472,615,0
611,20290,11216,1613,6768,1241,0
612,20320,13196,2527,22912,3386,0
613,20349,10376,1215,364,3615,0
614,20378,5396,6525,-6184,4719,0
615,20408,6300,5891,18784,9148,0
616,20438,-1976,-2664,9912,1949,0
617,20466,5988,1869,-5248,6019,0
618,20496,-1464,-568,-6828,6563,0
619,20526,-8364,926,-1744,2297,0
620,20554,-640,1843,2764,2503,0
621,20589,4736,195,-1812,2932,0
622,20619,-1756,-745,-6116,3048,0
623,20647,-3744,-77,-456,760,0
624,20677,-1468,539,1884,1955,0
625,20707,-932,415,-916,1627,0
626,20736,-920,414,1136,590,0
627,20773,-396,29,2548,1126,0
628,20803,916,-433,2396,1195,0
629,20832,476,-211,2756,1500,0
630,20861,-1088,-114,2100,1780,0
631,20891,-1528,485,2912,1696,0
632,20920,-1544,106,2612,1689,0
633,20950,-1400,-690,2480,1635,0
634,20979,272,-733,2388,1398,0
635,21008,-820,-1025,4208,1525,0
636,21042,1172,-1785,5900,1678,0
637,21071,3684,-2429,8120,2379,0
638,21101,3484,-5050,8540,1765,0
639,21130,-300,-7021,9032,-696,0
640,21159,-4116,-6909,3216,-5624,0
641,21189,-6148,-4573,-13152,-3149,0
642,21219,-2032,-261,-15756,-155,0
643,21249,4976,2401,-13000,-2228,0
644,21277,6732,4268,-11180,-2441,0
645,21307,3800,2524,-5052,-3069,0
646,21337,1964,1177,-10584,-5706,0
647,21366,-852,-340,-10744,-1327,0
648,21396,-216,-470,-7444,-72,0
649,21425,660,-56,-8504,-279,0
650,21454,4,634,-9468,-4123,0
651,21489,-848,2415,-912,-3206,0
652,21518,1068,4121,884,-725,0
653,21548,6140,3076,5892,402,0
654,21577,12944,93,4804,186,0
655,21606,13948,-264,17440,2570,0
656,21636,10404,893,3804,1523,0
657,21665,2592,5271,-5336,3960,0
658,21694,2276,3483,-3680,5884,0
659,21724,-264,-436,17440,-2374,0
660,21753,3368,-2494,4996,1049,0
661,21782,7452,4092,-5692,6534,0
662,21812,-7436,-1786,-3772,3964,0
663,21841,-4436,1821,3224,1687,0
664,21871,6244,481,2812,3166,0
665,21900,2084,-577,-3216,2828,0
666,21934,-3032,-383,-920,1985,0
667,21963,-3116,785,-352,1871,0
668,21992,-680,898,-200,1836,0
669,22022,-624,529,280,1319,0
670,22050,-1220,353,1944,1363,0
671,22080,64,104,2736,1406,0
672,22109,996,-240,2436,1608,0
673,22138,228,-79,2464,1913,0
674,22167,-1300,183,1812,2036,0
675,22197,-2704,237,1740,1761,0
676,22226,-2808,313,2044,1588,0
677,22255,-2072,-92,1832,1562,0
678,22285,-480,-568,1200,1325,0
679,22313,-1172,-585,1144,1101,0
680,22343,-2612,-600,1816,1185,0
681,22373,-1096,-1149,3628,1179,0
682,22408,2384,-1592,6396,1572,0
683,22436,3044,-3163,8248,1865,0
684,22466,1900,-5660,10580,1110,0
685,22496,-288,-7127,6980,-1237,0
686,22524,-4812,-6239,1732,-5359,0
687,22554,-5244,-3155,-16804,-3462,0
688,22584,292,-133,-16700,846,0
689,22614,4680,1893,-11068,-1178,0
690,22643,3756,3157,-10960,-832,0
691,22672,1104,2138,-4840,-3048,0
692,22702,1476,1352,-10412,-3889,0
693,22731,504,806,-7536,-2217,0
694,22760,796,1659,-10732,-609,0
695,22790,812,1054,-9784,-3056,0
696,22818,-728,554,-4772,-4457,0
697,22852,-588,1726,228,-1284,0
698,22882,1048,2974,-48,-892,0
699,22910,6068,675,1168,-510,0
700,22940,11580,-1049,7304,487,0
701,22970,11524,-838,23084,2570,0
702,22999,10616,-9,1592,2245,0
703,23028,3260,5724,-4992,4027,0
704,23058,2904,3152,12328,6905,0
705,23087,-1692,952,10332,1555,0
706,23116,7588,2206,2096,5744,0
707,23146,-232,-1238,-12372,6803,0
708,23175,-1408,285,888,441,0
709,23204,100,690,9052,2646,0
710,23233,-1060,1055,-3572,3669,0
711,23263,-1204,883,-3796,1149,0
712,23298,-1476,-36,1348,1593,0
713,23327,-1856,96,-1272,1615,0
714,23356,72,-106,748,262,0
715,23385,-1452,-234,3476,464,0
716,23414,-1228,-495,3524,520,0
717,23443,-656,-233,3076,361,0
718,23473,-252,-487,2476,299,0
719,23502,-1104,38,792,393,0
720,23531,-1200,-442,556,192,0
721,23560,652,-613,2612,-245,1
722,23589,-1668,168,-88,-407,1
723,23619,-1724,328,-1888,-417,1
724,23648,-1040,459,-1864,-361,1
725,23677,-1240,322,56,-625,1
726,23706,-1324,-29,2324,-634,1
727,23736,-1784,752,2368,-513,1
728,23770,-3824,-709,1240,-477,1
729,23798,-3312,-787,920,-602,1
730,23828,-1812,-623,620,-570,1
731,23857,-944,-344,-192,-590,1
732,23886,-280,-309,600,-565,1
733,23915,-548,-464,1060,-495,1
734,23945,-1184,-362,1340,-434,1
735,23973,-1428,-251,1164,-255,1
736,24003,-1816,-205,720,-135,1
737,24033,-2124,-189,188,-85,1
738,24061,-1452,-91,256,-209,1
739,24091,-1024,17,968,-190,1
740,24120,-632,56,960,-107,1
741,24148,-1120,29,828,-52,1
742,24178,-1620,-104,832,-7,1
743,24207,-1472,-25,1068,-11,1
744,24242,-1040,-74,972,-26,1
745,24271,-1196,45,848,-110,1
746,24300,-1004,-52,1168,-90,1
747,24330,-1032,-19,1312,-17,1
748,24358,-912,34,920,-80,1
749,24388,-1012,-2,1028,-36,1
750,24417,-1388,-18,784,-56,1
751,24455,-1248,-47,876,-85,1
752,24484,-1292,-42,784,-59,1
753,24513,-1132,-74,1172,-39,1
754,24543,-980,-63,684,9,1
755,24572,-1368,69,852,-30,1
756,24601,-968,13,1208,-8,1
757,24631,-1060,-1,984,25,1
758,24659,-940,-31,924,-2,1
759,24689,-1172,44,944,12,1
760,24718,-1212,-38,448,20,1
761,24752,-1216,0,1088,38,1
762,24781,-1084,-46,988,10,1
763,24810,-888,-37,1276,-15,1
764,24840,-1060,-10,900,26,1
765,24869,-1288,63,644,14,1
766,24898,-1204,-37,1088,0,1
767,24927,-1168,-87,792,-5,1
768,24956,-1232,-176,512,-15,1
769,24986,-912,-127,1000,-7,1
770,25015,-984,-83,1140,81,1
771,25044,-1304,-54,1112,52,1
772,25073,-1040,5,1208,9,1
773,25103,-1264,-27,732,21,1
774,25132,-1364,-13,880,-9,1
775,25161,-1372,-32,768,45,1
776,25190,-1320,-10,732,-3,1
777,25220,-1484,-52,612,-38,1
778,25254,-1172,-10,884,-73,1
779,25283,-1104,-61,816,-48,1
780,25313,-1076,13,980,-62,1
781,25341,-1072,-81,852,-81,1
782,25371,-1192,-61,1036,-126,1
783,25400,-988,-57,908,-75,1
784,25430,-1084,-39,668,-39,1
785,25458,-1280,-58,784,-61,1
786,25488,-1172,-83,852,-42,1
787,25517,-1236,-52,656,-42,1
788,25546,-1516,-43,764,-32,1
789,25575,-1184,10,668,-39,1
790,25605,-1300,-58,664,-46,1
791,25633,-1064,-44,956,-27,1
792,25663,-1144,2,876,-17,1
793,25692,-1296,-28,928,-10,1
794,25725,-960,6,788,-20,1
795,25754,-1272,20,712,4,1
796,25784,-980,3,640,-8,1
797,25812,-968,14,660,6,1
798,25841,-908,-24,924,-15,1
799,25871,-984,-38,920,27,1
800,25900,-1056,7,816,-8,1
801,25929,-1072,7,892,-4,1
802,25958,-1048,5,928,10,1
803,25987,-1020,59,880,9,1
804,26016,-948,-41,748,12,1
805,26045,-1044,-5,992,-4,1
806,26074,-1012,-19,696,3,1
807,26103,-948,-5,896,-4,1
808,26132,-936,52,872,17,1
809,26161,-932,16,900,35,1
810,26190,-944,20,856,50,1
811,26219,-1032,54,828,23,1
812,26254,-892,56,688,48,1
813,26283,-1048,14,856,19,1
814,26312,-1152,41,868,28,1
815,26341,-972,-7,916,-8,1
816,26370,-1020,-30,844,41,1
817,26399,-1076,52,788,28,1
818,26428,-964,37,848,-2,1
819,26457,-920,-33,784,34,1
820,26486,-1020,48,720,10,1
821,26515,-924,-20,848,7,1
822,26545,-1016,-6,960,-17,1
823,26573,-916,-26,968,-3,1
824,26602,-932,8,816,-10,1
825,26632,-908,29,976,-17,1
826,26660,-916,43,888,18,1
827,26689,-932,33,840,-3,1
828,26719,-916,-34,944,25,1
829,26747,-1108,23,840,30,1
830,26781,-872,-7,804,41,1
831,26810,-972,-15,852,23,1
832,26840,-924,8,960,12,1
833,26868,-892,-8,832,20,1
834,26897,-1028,44,836,31,1
835,26927,-1104,-6,916,13,1
836,26955,-1008,3,824,12,1
837,26985,-1028,-4,1008,-10,1
838,27014,-1032,-8,972,2,1
839,27042,-936,10,844,12,1
840,27072,-1032,39,832,-18,1
841,27101,-1104,-6,936,-7,1
842,27129,-1028,-17,928,-7,1
843,27159,-1052,-29,756,4,1
844,27188,-892,25,792,7,1
845,27217,-1060,-48,848,-9,1
846,27246,-960,2,916,17,1
847,27275,-980,-12,692,-7,1
848,27310,-1000,7,792,-7,1
849,27338,-1000,-23,864,-12,1
850,27368,-1016,7,836,-34,1
851,27397,-1020,-9,940,-7,1
852,27426,-1004,-28,676,-22,1
853,27455,-1000,25,824,-9,1
854,27484,-940,-12,844,-12,1
855,27513,-932,17,1016,-6,1
856,27542,-772,-33,860,7,1
857,27571,-844,-28,776,-29,1
858,27600,-1012,23,664,39,1
859,27629,-944,-3,696,74,1
860,27658,-1052,13,792,6,1
861,27687,-1172,5,772,45,1
862,27716,-1128,-13,748,1,1
863,27746,-1232,-41,804,-6,1
864,27774,-984,-4,768,25,1
865,27803,-932,-11,896,-20,1
866,27837,-768,-51,764,-4,1
867,27867,-1060,18,744,7,1
868,27895,-1216,-10,860,-3,1
869,27924,-1140,-65,908,26,1
870,27954,-1060,-8,840,-5,1
871,27982,-1072,-8,788,19,1
872,28011,-1020,-23,580,9,1
873,28041,-1044,16,884,16,1
874,28069,-1144,50,688,14,1
875,28100,-992,36,744,40,1
876,28230,-972,-95,676,46,1
877,28260,-1100,-19,676,49,1
878,28289,-856,53,584,50,1
879,28318,-1236,-41,692,49,1
880,28347,-1068,-13,792,65,1
881,28377,-1160,81,928,86,1
882,28405,-1552,17,604,68,1
883,28440,-1220,-21,764,56,1
884,28469,-1004,-43,856,27,1
885,28498,-984,-10,724,44,1
886,28527,-968,-9,744,16,1
887,28557,-984,-5,592,32,1
888,28585,-804,-119,792,52,1
889,28615,-1008,-54,676,60,1
890,28644,-1004,4,660,72,1
891,28674,-956,-66,728,90,1
892,28702,-872,64,672,110,1
893,28732,-1396,20,528,146,1
894,28761,-1544,25,528,147,1
895,28789,-896,-27,524,157,1
896,28819,-1156,-21,556,184,1
897,28848,-1208,-175,632,232,1
898,28877,-1220,-14,896,276,1
899,28906,-1052,-257,1104,318,1
900,28940,-1280,-402,1040,294,1
901,28969,-1368,-184,928,251,1
902,28999,-1520,-326,980,253,1
903,29028,-16448,-1088,376,362,0
904,29058,-1120,69,-404,193,0
905,29086,-660,61,-352,489,0
906,29116,-1220,999,-640,516,0
907,29145,-652,873,568,583,0
908,29174,-1840,389,396,605,0
909,29203,-3184,563,884,833,0
910,29233,-2836,-212,312,1073,0
911,29261,-1436,-299,-780,1020,0
912,29291,-792,-463,-536,841,0
913,29320,-936,-487,-1712,911,0
914,29349,-1552,-861,-692,449,0
915,29379,-1912,-808,528,367,0
916,29414,-1900,-590,848,-325,0
917,29443,-736,-370,1144,-607,0
918,29472,-208,-430,1284,-964,0
919,29502,-620,-459,308,-667,0
920,29531,-2084,-1530,-1764,-617,0
921,29560,-2896,-1796,-688,-689,0
922,29590,-2008,-1979,196,-770,0
923,29619,-2204,-2201,-184,-652,0
924,29648,-2412,-1978,-896,-828,0
925,29678,-932,-1751,2088,-988,0
926,29707,1004,-3133,3148,-956,0
927,29736,684,-5155,1460,-1313,0
928,29766,-100,-4409,6776,-2104,0
929,29795,800,-7021,6020,-1749,0
930,29825,184,-8270,6796,-4650,0
931,29858,-1952,-6815,4576,-7739,0
932,29888,-3400,-2777,-11928,-8843,0
933,29918,-1376,1562,-8888,-3769,0
934,29947,3556,4126,-14620,-4880,0
935,29976,5152,5439,-9356,-5694,0
936,30006,4296,5894,-8628,-8772,0
937,30035,1612,5589,-10616,-12512,0
938,30064,1740,4965,-7920,-6820,0
939,30094,548,4715,-10312,-7424,0
940,30124,-1648,5509,-8100,-6338,0
941,30153,-2860,6870,-4408,-3717,0
942,30182,-1720,6902,-3408,-2430,0
943,30212,752,6974,-5340,-2726,0
944,30240,3028,6346,-2748,-1408,0
945,30270,3360,6031,-1912,938,0
946,30305,1512,5194,-3048,2262,0
947,30334,1456,3976,-4772,2768,0
948,30363,2332,4121,-152,3571,0
949,30393,4412,4033,1532,3166,0
950,30423,4532,4255,9528,4220,0
951,30451,5236,3676,10700,4376,0
952,30481,6084,3443,-400,5167,0
953,30510,5072,4778,28,6359,0
954,30539,1256,2077,10064,3510,0
955,30568,768,-1540,3148,3564,0
956,30598,3736,134,-5628,3627,0
957,30626,484,3755,2284,3356,0
958,30656,-6472,-1431,328,1697,0
959,30686,1752,2218,264,2877,0
960,30714,5908,-1104,244,1639,0
961,30748,-1488,-1461,2428,1897,0
962,30778,-3572,-369,968,2670,0
963,30807,-2600,630,1060,1571,0
964,30836,-808,861,1904,1377,0
965,30865,-1136,598,2024,930,0
966,30895,-840,322,2768,878,0
967,30923,-196,106,2984,994,0
968,30953,-256,-335,1432,1344,0
969,30982,-1180,-231,448,1217,0
970,31010,-2344,-138,688,1039,0
971,31040,-3092,238,1040,1000,0
972,31070,-3120,7,1164,790,0
973,31098,-2316,-323,-172,425,0
974,31128,-1972,-585,-28,222,0
975,31157,-1776,-743,-140,96,0
976,31186,-1756,-1072,748,-133,0
977,31221,-1464,-1338,1860,117,0
978,31250,-1656,-1339,3032,132,0
979,31280,-832,-1573,3044,78,0
980,31308,820,-1618,3600,-35,0
981,31338,1228,-3617,3564,-400,0
982,31367,-448,-4982,6356,-876,0
983,31396,-1320,-5712,7480,-1664,0
984,31426,-2456,-4690,4976,-3491,0
985,31455,-2608,-1718,-8556,-3810,0
986,31484,-2136,828,-13488,-560,0
987,31514,1212,2199,-13216,-1814,0
988,31544,2900,2757,-9876,80,0
989,31572,1248,2912,-7292,-443,0
990,31602,-1512,2188,-7712,-2918,0
991,31632,1460,1307,-7724,1183,0
992,31666,1772,864,-10020,-2043,0
993,31694,544,885,-6452,-843,0
994,31724,-352,1275,-2660,-838,0
995,31753,-1508,2033,-60,1008,0
996,31782,564,2711,-1000,2176,0
997,31811,3380,3056,-772,2389,0
998,31841,6132,1808,2528,2580,0
999,31870,7268,782,-88,996,0
1000,31907,7044,2548,6168,468,0
1001,31937,7352,2378,10852,1331,0
1002,31966,7256,2272,4564,1404,0
1003,31995,6452,3272,2800,2521,0
1004,32025,4412,2153,15520,6428,0
1005,32054,-1688,-1241,7912,2667,0
1006,32083,1828,-775,-3520,3045,0
1007,32118,624,3558,-1660,3508,0
1008,32148,-5708,-1849,1996,1458,0
1009,32178,-260,2980,3860,2914,0
1010,32207,3840,-791,-3568,2244,0
1011,32236,-836,-1163,-1384,815,0
1012,32266,-3340,-488,3172,1012,0
1013,32295,-3244,438,184,1653,0
1014,32325,-1160,526,-1724,627,0
1015,32354,-668,176,1668,-63,0
1016,32384,-340,-229,1820,23,0
1017,32412,-328,-484,2148,132,0
1018,32442,-892,-806,3804,377,0
1019,32472,-1200,-795,2812,1104,0
1020,32500,-1044,-859,-8,1130,0
1021,32530,-1068,-990,-376,1023,0
1022,32564,-556,-1109,-1408,1248,0
1023,32593,-336,-818,788,1042,0
1024,32622,-1132,-759,2000,1197,0
1025,32652,-148,-728,1576,1352,0
1026,32680,1228,-827,3072,1320,0
1027,32710,956,-1303,3416,1800,0
1028,32740,540,-2026,4400,1737,0
1029,32769,1712,-2202,4984,2527,0
1030,32798,1476,-3858,6904,2367,0
1031,32828,-584,-5843,8340,719,0
1032,32857,-3152,-6669,5456,-1590,0
1033,32886,-4188,-5031,-5252,-3682,0
1034,32916,-1224,-1784,-13236,-3192,0
1035,32946,3436,511,-10316,68,0
1036,32975,5464,2414,-8416,-1269,0
1037,33010,3552,2400,-8448,-3905,0
1038,33039,4424,2059,-11648,-5406,0
1039,33069,1284,2486,-6012,-5245,0
1040,33098,1208,3194,-2740,768,0
1041,33127,944,4098,-8464,-3157,0
1042,33157,-524,6316,-9412,-7262,0
1043,33185,-524,5611,-2064,-4283,0
1044,33215,2452,4393,-1720,-2897,0
1045,33245,5532,2612,-1308,-803,0
1046,33274,5156,1634,-1704,926,0
1047,33303,3636,615,3644,2457,0
1048,33333,3632,418,6244,1541,0
1049,33361,6240,1124,9688,2082,0
1050,33391,9124,26,3496,2233,0
1051,33420,9192,3105,-296,3851,0
1052,33470,-3312,-1414,10356,1079,0
1053,33503,924,-746,1972,2170,0
1054,33534,3220,1694,-764,4513,0
1055,33567,-3312,-1259,2168,3761,0
1056,33599,340,3227,2464,3350,0
1057,33632,5584,-365,1884,2773,0
1058,33664,-1152,-1209,-84,2061,0
1059,33696,-4040,-220,244,3290,0
1060,33729,-1832,419,-716,1394,0
1061,33761,108,241,856,1190,0
1062,33794,-280,20,824,605,0
1063,33825,32,-331,2424,749,0
1064,33857,708,-832,1896,1089,0
1065,33890,-288,-916,2656,1335,0
1066,33922,-1016,-558,1520,1269,0
1067,33959,-1572,51,1360,759,0
1068,33991,-2080,186,1284,970,0
1069,34023,-2120,-46,2420,781,0
1070,34054,-772,-951,3168,570,0
1071,34085,8,-1367,2756,414,0
1072,34117,-1188,-1193,2916,595,0
1073,34148,-1048,-1641,4352,497,0
1074,34180,2560,-2184,6132,439,0
1075,34211,2696,-3409,7048,587,0
1076,34242,776,-5280,9148,-251,0
1077,34274,-2256,-5525,6872,-3669,0
1078,34306,-4364,-4571,-1644,-4845,0
1079,34337,-4156,-1339,-15884,-1492,0
1080,34369,-276,1067,-14624,-2360,0
1081,34400,3400,4079,-8792,-1503,0
1082,34437,2796,4738,-10692,-1536,0
1083,34468,3684,2986,-12784,-6807,0
1084,34499,1392,774,-10164,-2001,0
1085,34531,4,1646,-8636,-4136,0
1086,34563,968,1483,-2152,-1592,0
1087,34593,-652,1053,36,381,0
1088,34625,-1016,2273,-1888,1684,0
1089,34657,3152,2306,-1268,1649,0
1090,34688,6132,906,1208,1207,0
1091,34719,5764,262,-356,186,0
1092,34751,4192,506,1644,-1046,0
1093,34782,4992,733,4832,-609,0
1094,34813,6372,883,7268,62,0
1095,34845,6900,1605,7628,46,0
1096,34876,5036,1899,1952,1686,0
1097,34913,3744,2595,14232,8728,0
1098,34945,-1780,-1245,8004,1490,0
1099,34976,5940,1065,1812,4476,0
1100,35008,-80,744,-180,4137,0
1101,35039,-960,796,3544,1801,0
1102,35070,2824,338,3776,3934,0
1103,35101,1832,413,1916,2589,0
1104,35133,-1504,-348,2948,2403,0
1105,35165,-2576,265,1636,2285,0
1106,35195,-1452,381,2096,1358,0
1107,35227,-1028,391,1124,950,0
1108,35259,-1816,348,1448,565,0
1109,35290,-812,283,1604,340,0
1110,35321,-984,-265,2620,304,0
1111,35352,-900,-583,2456,182,0
1112,35388,-528,-647,2556,188,0
1113,35420,-2020,-637,1512,-37,0
1114,35451,-3564,-724,484,-203,1
1115,35482,-2408,-723,1028,-588,1
1116,35514,-1948,-1080,1596,-1033,1
1117,35546,-1056,-273,148,-1116,1
1118,35576,-40,-396,-1148,-1128,1
1119,35608,-1720,-685,-1172,-1063,1
1120,35640,-3216,-563,240,-1347,1
1121,35672,-2268,-570,548,-970,1
1122,35703,-2264,-847,528,-1055,1
1123,35742,-2512,-1210,1416,-1086,1
1124,35774,-1836,-929,1180,-975,1
1125,35806,-1064,-696,316,-889,1
1126,35843,-976,-640,700,-847,1
1127,35873,-716,-673,928,-652,1
1128,35905,-460,-588,1164,-529,1
1129,35937,-1048,-392,1164,-331,1
1130,35969,-1816,-284,952,-386,1
1131,35999,-1456,-125,1024,-263,1
1132,36031,-1116,-4,1088,-247,1
1133,36063,-1076,-114,1048,-270,1
1134,36094,-1192,75,1160,-142,1
1135,36125,-1204,37,816,-48,1
1136,36157,-1616,7,976,-25,1
1137,36189,-1672,-101,780,5,1
1138,36219,-1712,1,704,-35,1
1139,36251,-1320,-45,780,-111,1
1140,36283,-1176,-35,684,-82,1
1141,36314,-1096,-93,948,-37,1
1142,36349,-1428,-89,836,35,1
1143,36381,-1468,-1,884,-33,1
1144,36412,-1340,-75,844,-36,1
1145,36444,-1012,-22,896,-16,1
1146,36474,-1352,-104,960,23,1
1147,36506,-1444,-52,760,18,1
1148,36538,-1292,-102,820,30,1
1149,36569,-1484,15,580,-14,1
1150,36600,-1456,-3,736,-29,1
1151,36631,-1268,-75,904,-43,1
1152,36663,-1376,-11,620,6,1
1153,36695,-1496,-30,724,17,1
1154,36725,-1604,18,772,6,1
1155,36757,-1584,-2,688,-10,1
1156,36788,-1332,-72,764,-33,1
1157,36819,-1176,-52,932,-34,1
1158,36856,-1172,-39,920,-16,1
1159,36887,-1256,-98,888,-39,1
1160,36919,-1216,6,792,-7,1
1161,36950,-1220,-53,616,-18,1
1162,36981,-1048,22,1052,-3,1
1163,37013,-1228,32,808,9,1
1164,37044,-1204,-14,928,30,1
1165,37075,-1244,59,932,42,1
1166,37106,-1276,-13,900,17,1
1167,37138,-1144,20,932,59,1
1168,37169,-1152,38,784,30,1
1169,37200,-1180,-12,832,60,1
1170,37231,-1136,-8,740,48,1
1171,37263,-1340,48,728,50,1
1172,37294,-1180,-27,988,60,1
1173,37325,-1008,38,836,62,1
1174,37357,-1220,46,896,83,1
1175,37392,-1280,35,752,76,1
1176,37424,-1288,38,780,58,1
1177,37454,-1396,-12,704,63,1
1178,37486,-1280,24,636,27,1
1179,37518,-1464,-31,688,65,1
1180,37549,-1368,-13,908,39,1
1181,37580,-1428,-14,796,25,1
1182,37611,-1460,56,900,8,1
1183,37643,-1400,-33,616,-25,1
1184,37673,-1232,-27,868,14,1
1185,37705,-1120,22,636,-12,1
1186,37736,-1244,4,824,-3,1
1187,37768,-1248,-2,940,-1,1
1188,37798,-1168,-41,904,10,1
1189,37830,-1092,50,796,-9,1
1190,37861,-1144,24,684,8,1
1191,37893,-1212,-20,832,-9,1
1192,37929,-1268,8,704,11,1
1193,37960,-1240,6,752,-36,1
1194,37992,-1356,-31,744,-32,1
1195,38023,-1276,12,796,-20,1
1196,38054,-1260,-26,804,30,1
1197,38085,-1288,-14,756,-4,1
1198,38117,-1360,19,748,-6,1
1199,38148,-1268,4,720,-28,1
1200,38179,-1248,0,836,-7,1
1201,38210,-1268,-28,816,16,1
1202,38242,-1224,5,800,38,1
1203,38273,-1336,38,600,14,1
1204,38304,-1332,20,744,-15,1
1205,38335,-1368,-21,616,20,1
1206,38367,-1284,-6,716,-30,1
1207,38397,-1296,27,668,-9,1
1208,38429,-1232,-28,692,0,1
1209,38465,-1180,-38,700,-33,1
1210,38496,-1048,-54,744,9,1
1211,38528,-1260,32,772,10,1
1212,38558,-1368,-43,668,11,1
1213,38590,-1304,-21,644,19,1
1214,38621,-1388,15,652,13,1
1215,38652,-1176,-38,736,-8,1
1216,38683,-1156,24,704,-27,1
1217,38715,-1276,15,708,-3,1
1218,38746,-1264,-27,716,3,1
1219,38777,-1172,-3,704,25,1
1220,38808,-1180,-16,724,-1,1
1221,38840,-1232,-45,688,-18,1
1222,38871,-1288,27,720,12,1
1223,38902,-1268,-25,608,-6,1
1224,38933,-1452,0,640,-5,1
1225,38965,-1044,14,536,-6,1
1226,39002,-1076,-1,628,-13,1
1227,39032,-1220,-4,696,5,1
1228,39063,-1240,20,684,13,1
1229,39095,-1160,58,744,9,1
1230,39126,-1220,20,692,29,1
1231,39157,-1244,0,792,44,1
1232,39188,-632,459,728,22,1
1233,39220,-1048,-13,704,70,1
1234,39250,-1272,-12,576,11,1
1235,39282,-1268,25,604,6,1
1236,39313,-1360,13,492,20,1
1237,39345,-1232,-27,640,51,1
1238,39375,-1424,14,648,24,1
1239,39407,-1272,-1,512,-17,1
1240,39438,-1240,77,768,-17,1
1241,39470,-1204,58,552,-17,1
1242,39500,-1100,19,636,14,1
1243,39536,-1080,-84,712,18,1
1244,39568,-1044,-5,564,12,1
1245,39599,-1104,-46,704,28,1
1246,39631,-1184,8,532,13,1
1247,39669,-1332,21,480,26,1
1248,39701,-1184,-85,532,23,1
1249,39732,-1036,8,764,28,1
1250,39763,-1136,-35,568,11,1
1251,39794,-1572,-93,644,21,1
1252,39826,-944,68,584,34,1
1253,39857,-1472,227,500,43,1
1254,39888,-1200,56,512,38,1
1255,39919,-1092,15,480,40,1
1256,39951,-1484,-11,576,73,1
1257,39982,-1292,-13,372,83,1
1258,40013,-1000,-10,552,69,1
1259,40044,-1300,-22,684,64,1
1260,40082,-1096,-83,544,85,1
1261,40113,-1300,36,652,103,1
1262,40144,-1176,90,596,142,1
1263,40175,-1112,148,804,147,1
1264,40207,-1220,35,684,182,1
1265,40238,432,-301,496,182,1
1266,40269,-1184,132,604,244,1
1267,40301,-1424,277,420,219,1
1268,40332,-1092,75,524,246,1
1269,40364,-1684,-191,368,235,1
1270,40394,-1204,-149,368,262,1
1271,40426,-1160,33,580,231,1
1272,40458,-1248,100,396,269,1
1273,40488,-1668,-43,208,280,1
1274,40520,-1688,-146,60,262,1
1275,40551,-1416,-245,-188,400,1
1276,40587,-2428,-60,236,326,0
1277,40619,-1200,-17,100,338,0
1278,40650,-2512,-134,-176,127,0
1279,40681,-2088,-336,812,-117,0
1280,40713,-2312,-931,316,-151,0
1281,40743,-572,-864,532,-440,0
1282,40775,444,-1049,1240,-375,0
1283,40807,1384,-1274,1192,-58,0
1284,40838,616,-1545,-148,-66,0
1285,40869,-1324,-1369,-488,-163,0
1286,40901,-2724,-1201,776,-564,0
1287,40932,-2392,-986,1112,-638,0
1288,40964,-1588,-900,2028,-999,0
1289,40995,-956,-1353,1428,-990,0
1290,41026,-736,-1722,1576,-1684,0
1291,41064,-120,-2465,1756,-1278,0
1292,41095,-1036,-2683,1444,-1611,0
1293,41126,-1784,-2685,3544,-2234,0
1294,41158,-504,-3322,4232,-3573,0
1295,41190,620,-3383,4624,-3835,0
1296,41222,1036,-3738,4960,-4640,0
1297,41252,1100,-3084,8892,-5960,0
1298,41284,1596,-3034,240,-6285,0
1299,41316,1024,-3548,-11064,-6142,0
1300,41348,428,-474,-6268,-10328,0
1301,41379,236,3772,-1988,-7325,0
1302,41410,3356,9620,-6280,-1472,0
1303,41442,4792,8583,-12492,-1935,0
1304,41474,4532,7873,-20060,-11055,0
1305,41509,2200,7107,-7288,-15318,0
1306,41541,-220,8564,-3448,-9185,0
1307,41573,-580,9482,368,-3273,0
1308,41604,1004,9098,1256,-180,0
1309,41635,3536,9133,-3920,-2749,0
1310,41667,5136,8154,-1872,-2419,0
1311,41699,3764,7564,-656,-611,0
1312,41731,1864,5920,-1520,454,0
1313,41761,640,4854,-568,2229,0
1314,41793,-28,4596,-804,3016,0
1315,41824,456,4090,532,3885,0
1316,41856,2276,3604,884,5219,0
1317,41886,3408,2305,-2512,5249,0
1318,41918,3156,2896,-2052,4866,0
1319,41950,1056,3733,228,7194,0
1320,41987,464,2269,2452,6671,0
1321,42017,1608,2207,1836,6614,0
1322,42049,-1140,-731,-2384,2242,0
1323,42081,1452,-3149,-1448,2539,0
1324,42113,-2148,-1230,9560,1101,0
1325,42143,-3200,-548,1708,2974,0
1326,42175,6300,1523,4560,2539,0
1327,42207,3624,-1007,2316,3065,0
1328,42238,-1620,-1072,3888,2941,0
1329,42269,-3388,-1198,1060,3588,0
1330,42301,-3104,-459,228,1765,0
1331,42333,-1164,-40,-164,1748,0
1332,42363,-264,-552,332,1046,0
1333,42395,-912,-1034,816,794,0
1334,42427,-2256,-1820,3292,163,0
1335,42463,-1420,-1017,104,600,0
1336,42493,-1348,-916,1096,131,0
1337,42525,-1920,-606,476,109,0
1338,42556,-3588,-1710,1196,-205,0
1339,42588,-2220,-2061,1520,-39,0
1340,42619,-1820,-2108,2120,-556,0
1341,42651,-2320,-2682,2272,-450,0
1342,42682,-1756,-2917,3344,-1174,0
1343,42714,-724,-2559,4384,-1366,0
1344,42745,1188,-2611,5656,-1602,0
1345,42777,1792,-2931,8272,-1777,0
1346,42808,968,-4778,13316,-3622,0
1347,42840,-820,-3351,12004,-5568,0
1348,42871,-424,884,-104,-8571,0
1349,42908,-2136,2597,-17524,-2843,0
1350,42940,-3704,1702,-10208,-3974,0
1351,42972,128,5448,-3248,1198,0
1352,43003,1840,7506,-10616,5012,0
1353,43034,2468,5521,-16588,-5632,0
1354,43066,2784,4150,-19508,-5685,0
1355,43098,448,1132,-6928,-7524,0
1356,43129,-240,853,-3280,-1901,0
1357,43160,-3516,3817,4852,5775,0
1358,43192,-1844,4851,-3932,5300,0
1359,43224,3452,4148,1096,2995,0
1360,43255,7720,1752,3564,2012,0
1361,43286,7672,1725,2120,1192,0
1362,43318,6220,2268,8088,1792,0
1363,43354,8336,1759,12940,2933,0
1364,43385,8128,5658,360,2743,0
1365,43416,5600,4345,14160,6453,0
1366,43448,-1836,-2659,19604,1498,0
1367,43480,8,247,-5736,9054,0
1368,43510,4760,6424,-8348,4822,0
1369,43542,-7192,-2102,992,1640,0
1370,43575,-520,2637,5324,2194,0
1371,43613,1888,-387,-1204,3488,0
1372,43644,-2876,-506,-380,2095,0
1373,43676,-4188,902,3424,1516,0
1374,43708,-1760,1210,1112,2159,0
1375,43739,-1260,926,72,682,0
1376,43770,-1124,537,3072,-386,0
1377,43801,-1328,158,3040,517,0
1378,43839,-1244,132,1940,734,0
1379,43870,-840,-757,3588,1177,0
1380,43901,-1992,-404,3008,1622,0
1381,43933,-1636,-548,764,2027,0
1382,43964,-1412,-433,2336,1736,0
1383,43996,192,-952,2688,1886,0
1384,44027,1452,-624,4108,1985,0
1385,44059,444,-1100,3696,2846,0
1386,44090,948,-1839,3552,3251,0
1387,44122,2524,-2030,6928,3246,0
1388,44153,1548,-4090,8188,2833,0
1389,44185,-956,-6065,5676,567,0
1390,44216,-3096,-6195,-7280,-5036,0
1391,44248,-2548,-3841,-15332,-1988,0
1392,44279,2608,-1681,-8472,3613,0
1393,44316,6572,-40,-8472,740,0
1394,44347,4112,-1626,-10024,-2646,0
1395,44379,120,-4001,-6896,-5745,0
1396,44410,1900,-4105,604,612,0
1397,44441,1252,-3506,-7528,-580,0
1398,44473,1148,-3329,-8996,-5098,0
1399,44505,876,-1692,-5244,-10839,0
1400,44536,1564,-140,2456,-7449,0
1401,44568,3696,553,2496,-4738,0
1402,44599,6252,950,4152,-4585,0
1403,44631,9376,596,8548,-4003,0
1404,44662,12268,-2285,14680,-392,0
1405,44694,11948,-222,9900,205,0
1406,44726,5316,3944,636,3029,0
1407,44756,2380,5076,8072,7104,0
1408,44793,2244,986,6716,5291,0
1409,44825,4532,567,-6408,3968,0
1410,44857,928,3442,-600,6780,0
1411,44888,-5092,-2251,6352,2616,0
1412,44919,3092,1458,2692,6109,0
1413,44951,4152,-479,-1600,2367,0
1414,44983,-808,-812,2600,2570,0
1415,45014,-2240,-420,188,2686,0
1416,45045,-2664,22,-868,1475,0
1417,45077,-1012,-136,2000,1172,0
1418,45108,-1220,-367,2048,1230,0
1419,45139,-1332,-297,2932,1210,0
1420,45171,-768,-400,3800,1722,0
1421,45203,-204,-537,2904,1773,0
1422,45234,-1084,-150,1076,1726,0
1423,45271,-2272,118,864,1448,0
1424,45301,-2032,97,2576,1352,0
1425,45333,-944,-511,3576,1315,0
1426,45364,484,-973,5176,1073,0
1427,45395,956,-1391,6452,1332,0
1428,45427,-64,-1299,8108,1733,0
1429,45458,760,-2690,9836,2012,0
1430,45490,976,-5064,8004,1170,0
1431,45520,88,-7135,6920,-3845,0
1432,45552,-5688,-4555,-4492,-5301,0
1433,45584,-3964,-1271,-11524,-940,0
1434,45616,1044,1000,-5284,-90,0
1435,45647,3156,4000,-8564,-339,0
1436,45678,1052,4408,-9100,-1024,0
1437,45716,2680,3676,-18176,-3268,0
1438,45747,1184,2713,-12828,-2813,0
1439,45778,816,2377,-10612,-4071,0
1440,45810,-352,1943,-8212,-2960,0
1441,45842,-1908,2905,-1952,-851,0
1442,45874,-1192,5020,1080,1922,0
1443,45904,3176,4722,1420,1025,0
1444,45936,8016,2160,5728,-32,0
1445,45968,9724,1716,5532,-15,0
1446,45999,8880,1343,13264,192,0
1447,46030,10512,2026,3056,-146,0
1448,46062,2748,1729,-1204,2070,0
1449,46093,16,158,15156,1811,0
1450,46125,-1000,-1415,5296,1984,0
1451,46156,3372,2162,-6852,4211,0
1452,46192,-1492,-177,156,3006,0
1453,46224,-416,406,4740,1308,0
1454,46255,500,-582,1616,2520,0
1455,46286,-1848,-928,764,1158,0
1456,46317,-1932,394,3340,982,0
1457,46349,-1624,1347,580,1494,0
1458,46381,-1136,1323,564,639,0
1459,46411,-980,810,2684,351,0
1460,46443,-372,421,2456,830,0
1461,46474,352,66,1892,1000,0
1462,46505,-84,-77,2260,1307,0
1463,46536,-1628,56,1392,1667,0
1464,46568,-2804,57,1596,1457,0
1465,46600,-2324,70,1800,1504,0
1466,46630,-1092,-430,2716,1379,0
1467,46662,-592,-679,3072,1217,0
1468,46699,-680,-677,2032,1842,0
1469,46731,-2688,-786,2752,1949,0
1470,46761,-1648,-1230,3240,2720,0
1471,46793,1508,-1674,4936,2720,0
1472,46825,288,-1948,7976,3325,0
1473,46856,-328,-3644,8172,2058,0
1474,46887,-2800,-4866,3272,619,0
1475,46919,-5392,-4758,-4816,-2665,0
1476,46951,-4800,-2187,-18116,-1393,0
1477,46983,-1344,106,-13528,2491,0
1478,47013,3472,2856,-9480,715,0
1479,47045,3088,2703,-5840,1362,0
1480,47077,1828,-374,-8448,2883,0
1481,47109,1400,-3003,-6920,8641,0
1482,47144,436,-4376,-10820,8525,0
1483,47175,1284,-3623,-12196,1384,0
1484,47207,416,-2089,-3240,-5001,0
1485,47239,552,395,1640,331,0
1486,47270,1992,1891,-2136,2174,0
1487,47301,5388,3093,3288,-2405,0
1488,47333,9444,1771,5136,-3213,0
1489,47365,14024,1142,17452,-60,0
1490,47395,11872,-392,7348,-382,0
1491,47427,7080,4802,1728,2531,0
1492,47459,340,-565,15304,2168,0
1493,47490,-3292,-395,5528,3527,0
1494,47522,3048,3489,-5808,5233,0
1495,47561,-3232,-3,-3212,1643,0
1496,47593,1616,-259,6860,-66,0
1497,47630,472,-1126,744,3248,0
1498,47662,-2228,-817,-3420,410,0
1499,47693,-2380,242,2848,-202,0
1500,47724,-344,362,3572,1264,0
1501,47756,376,-118,1500,261,0
1502,47787,-32,-704,4176,-369,0
1503,47818,416,-979,3880,346,0
1504,47850,948,-613,2804,694,0
1505,47882,-688,-525,3028,1335,0
1506,47912,-1060,-492,3260,1581,0
1507,47944,-1172,166,4248,1743,0
1508,47976,-1352,291,4032,1628,0
1509,48008,-1352,-46,6092,1149,0
1510,48039,-508,-1023,6256,1957,0
1511,48070,4108,-2169,8572,2929,0
1512,48107,4060,-4113,9352,3643,0
1513,48138,-736,-7206,8192,2127,0
1514,48169,-4600,-7759,3660,-3084,0
1515,48201,-6328,-5962,-15824,-3566,0
1516,48233,-2872,-814,-10556,1583,0
1517,48265,5164,2549,-7404,-1303,0
1518,48296,6360,3239,-7948,-1866,0
1519,48328,4360,881,-4640,-1890,0
1520,48359,-924,164,-2748,-74,0
1521,48391,-288,-1324,-7216,2703,0
1522,48422,412,-428,-9520,-2975,0
1523,48454,1136,-353,-8232,-6802,0
1524,48485,-388,1601,2004,-4653,0
1525,48517,244,2842,512,-2341,0
1526,48553,3648,4594,6900,-3422,0
1527,48585,12548,-468,8700,-1261,0
1528,48617,17320,-2102,16828,-225,0
1529,48649,8912,95,968,2006,0
1530,48679,-1744,4936,-480,6513,0
1531,48711,-52,-276,13496,3197,0
1532,48743,3672,-1743,2256,3590,0
1533,48775,2228,4273,-3072,5484,0
1534,48806,-2788,673,780,5185,0
1535,48837,1928,465,1880,2153,0
1536,48869,1036,-33,1908,3536,0
1537,48901,-3088,-746,-1620,3231,0
1538,48932,-2756,88,-272,1580,0
1539,48963,-1576,668,764,1450,0
1540,48995,-616,478,628,940,0
1541,49027,-1068,220,2328,599,0
1542,49062,-688,231,3880,933,0
1543,49094,284,387,3188,1476,0
1544,49126,-168,76,1688,1808,0
1545,49158,-2152,-20,1272,1735,0
1546,49189,-2496,203,-28,1905,0
1547,49221,-2108,-386,1120,1425,0
1548,49254,-1560,-646,4036,1225,0
1549,49286,-108,-1144,3956,1290,0
1550,49317,-1132,-624,5268,1624,0
1551,49349,156,-1795,7032,2002,0
1552,49381,2572,-2433,9708,1901,0
1553,49413,2456,-5566,9296,775,0
1554,49445,-1744,-7217,9732,-3315,0
1555,49477,-5800,-5580,452,-2672,0
1556,49509,-4196,-735,-13656,-830,0
1557,49547,3292,1062,-12268,-2439,0
1558,49579,4556,2990,-12268,-4152,0
1559,49611,1172,1817,-7336,-3723,0
1560,49643,392,1113,-10160,-4499,0
1561,49675,324,930,-9960,-2876,0
1562,49707,-220,78,-10120,-1694,0
1563,49738,204,1263,-8472,-4578,0
1564,49771,-1088,2294,-4560,-5535,0
1565,49803,-728,4164,1780,-303,0
1566,49835,1552,3192,228,1145,0
1567,49866,5212,1150,2272,-2094,0
1568,49898,9920,1260,13516,-628,0
1569,49931,17000,3232,26884,248,0
1570,49963,10872,4748,-4520,6012,0
1571,49998,4760,6057,-6036,4911,0
1572,50031,-1052,-1356,22040,-642,0
1573,50063,36,-348,-180,5274,0
1574,50095,4492,2868,-8712,5390,0
1575,50126,-7492,-1096,-2408,2845,0
1576,50158,-1744,203,7444,2135,0
1577,50190,5884,-668,1216,2858,0
1578,50223,-1928,-797,-552,1940,0
1579,50254,-4348,690,3428,804,0
1580,50286,-1092,1092,1996,1486,0
1581,50318,680,522,668,1435,0
1582,50350,-284,75,3728,950,0
1583,50381,-368,83,4144,1161,0
1584,50413,308,-297,2948,1195,0
1585,50445,-756,-427,3188,1423,0
1586,50483,-2808,-121,1512,1748,0
1587,50514,-2452,-13,1276,1393,0
1588,50546,-1240,-43,1580,1227,0
1589,50578,-708,-535,3624,835,0
1590,50610,-736,-714,2720,902,0
1591,50641,-1084,-1409,4372,1307,0
1592,50673,-1128,-1184,5472,2208,0
1593,50706,2108,-2665,6596,2042,0
1594,50738,2224,-4511,9164,1612,0
1595,50769,1808,-6827,11960,247,0
1596,50801,1096,-7476,8188,-4043,0
1597,50833,-4684,-4986,-4276,-1423,0
1598,50866,-2684,574,-13724,-486,0
1599,50897,3464,2521,-11760,-1838,0
1600,50929,5640,5054,-9868,-4052,0
1601,50966,1912,3140,-7016,-3418,0
1602,50998,-892,2173,-5068,-8679,0
1603,51030,672,1600,-7572,453,0
1604,51061,404,1158,-7320,-1554,0
1605,51093,660,1250,-9312,-3482,0
1606,51125,-172,2118,-6468,-6714,0
1607,51156,-36,1822,1712,-3872,0
1608,51189,2160,2946,4428,-2065,0
1609,51221,7736,2566,4948,-2882,0
1610,51253,14072,1622,21932,2488,0
1611,51284,14456,530,6588,921,0
1612,51316,4428,5488,-5484,3860,0
1613,51349,1952,2554,11436,7796,0
1614,51381,248,-2733,6992,2223,0
1615,51418,3312,6570,-3652,5932,0
1616,51449,-5756,-2697,-3856,5556,0
1617,51482,-1212,2240,2632,3922,0
1618,51522,6216,-660,-392,3049,0
1619,51554,-2472,-1918,-1972,2924,0
1620,51586,-4764,-233,604,1042,0
1621,51618,-1604,862,1328,1875,0
1622,51650,544,493,472,1380,0
1623,51682,-464,-59,2340,471,0
1624,51714,-752,-157,3520,784,0
1625,51745,148,-526,2232,1208,0
1626,51777,180,-760,2028,1259,0
1627,51809,-1320,-194,2420,1771,0
1628,51842,-1512,164,2356,1640,0
1629,51873,-1984,443,5564,1610,0
1630,51910,-1256,-736,4332,1280,0
1631,51942,-288,-1024,4912,1161,0
1632,51974,168,-1448,6048,1703,0
1633,52005,2148,-1906,9064,2236,0
1634,52037,2436,-3804,8760,2518,0
1635,52070,36,-6180,7808,1182,0
1636,52102,-4624,-6716,3048,-4789,0
1637,52133,-5852,-5808,-10452,-3353,0
1638,52166,-3760,-1106,-14204,-767,0
1639,52198,4140,2053,-7468,-62,0
1640,52230,6120,4582,-7888,-350,0
1641,52262,4248,1979,-7736,-216,0
1642,52294,-360,388,-9288,-1908,0
1643,52326,-220,-878,-7220,3262,0
1644,52358,92,467,-8560,-1895,0
1645,52396,-244,1243,-5936,-4298,0
1646,52427,-1424,2782,932,-1874,0
1647,52459,256,3767,940,-712,0
1648,52491,4380,4805,6272,-781,0
1649,52524,12376,1706,8892,346,0
1650,52555,15188,498,22124,1931,0
1651,52587,14308,1794,2740,2389,0
1652,52620,1824,5045,-3424,3689,0
1653,52652,2296,1751,18320,7215,0
1654,52683,-1168,-707,7260,2492,0
1655,52716,7468,1806,-4808,7519,0
1656,52748,-4664,-2180,-5140,4189,0
1657,52780,-4956,2676,3920,2952,0
1658,52811,4760,465,4524,3567,0
1659,52844,1084,-1392,-1344,2200,0
1660,52880,-4716,-894,1360,1587,0
1661,52912,-3160,667,2156,2038,0
1662,52943,464,816,1196,1397,0
1663,52975,612,141,2816,627,0
1664,53007,496,-247,4352,306,0
1665,53040,2092,-592,3704,989,0
1666,53071,532,-421,3788,990,0
1667,53103,-660,-570,2728,1478,0
1668,53135,-1376,-350,1988,1275,0
1669,53167,-2072,381,2264,1530,0
1670,53198,-2764,298,3116,1270,0
1671,53231,-2024,-219,3484,1306,0
1672,53263,-712,-588,2968,1385,0
1673,53295,-1508,-699,4912,1495,0
1674,53326,656,-1694,6624,1404,0
1675,53364,2536,-2796,8656,2438,0
1676,53396,2572,-5458,8456,1785,0
1677,53428,-2372,-8177,6904,-1176,0
1678,53460,-6992,-7371,3176,-5523,0
1679,53492,-5584,-3326,-17664,-2927,0
1680,53524,500,429,-11540,796,0
1681,53557,6000,4301,-11644,-1065,0
1682,53588,5216,4464,-9984,-1746,0
1683,53620,1504,1991,-7228,-2870,0
1684,53652,1300,1136,-11028,-4057,0
1685,53685,-76,-196,-6372,-1337,0
1686,53716,44,824,-5564,-282,0
1687,53748,-200,1093,-5668,-2849,0
1688,53780,-584,3253,-1424,-2196,0
1689,53817,1632,3626,1984,-1726,0
1690,53849,6960,1582,4840,-1546,0
1691,53880,11084,1425,15316,1611,0
1692,53912,12568,1688,19960,1152,0
1693,53944,11568,2711,788,3796,0
1694,53976,2848,4919,-3572,5230,0
1695,54008,2968,3109,20892,6097,0
1696,54040,816,-1990,1696,3878,0
1697,54072,2716,6026,-5220,6343,0
1698,54104,-5340,-2314,2016,4989,0
1699,54136,-1868,2680,2428,3439,0
1700,54168,5984,-94,832,3264,0
1701,54200,276,-1644,56,1780,0
1702,54232,-4056,-737,1096,2369,0
1703,54263,-3276,356,-528,1565,0
1704,54300,-172,595,1588,1015,0
1705,54332,-920,548,2492,684,0
1706,54365,-532,343,3412,528,0
1707,54396,-252,-50,3320,1001,0
1708,54428,-652,-96,3292,1269,0
1709,54460,-1516,-94,2408,1404,0
1710,54492,-2060,140,2172,1348,0
1711,54523,-2008,460,2028,1379,0
1712,54555,-1808,-162,2628,1296,0
1713,54587,-1020,-829,2740,1279,0
1714,54619,-408,-792,3032,1416,0
1715,54651,-1836,-848,4872,1862,0
1716,54683,-1312,-1439,5628,2283,0
1717,54715,1588,-3110,6612,2330,0
1718,54747,2168,-4727,6100,2731,0
1719,54782,-80,-6157,7516,883,0
1720,54815,-5556,-5916,3708,-3389,0
1721,54847,-6212,-4699,-13020,-3061,0
1722,54879,-3316,958,-16700,-691,0
1723,54912,3352,2849,-11224,-1307,0
1724,54943,5536,4258,-8860,1238,0
1725,54975,3776,2122,-7444,-2182,0
1726,55007,-360,-400,-11520,-2211,0
1727,55038,388,-2908,-6452,3126,0
1728,55071,680,-1416,-7264,1750,0
1729,55103,112,-958,-6556,-759,0
1730,55135,-440,504,-1444,-2993,0
1731,55166,744,2353,2856,-906,0
1732,55198,3956,2788,4276,-1678,0
1733,55227,9904,2136,2264,-3614,0
1734,55260,11932,1540,16136,551,0
1735,55291,10740,1111,14532,-688,0
1736,55323,9960,3681,808,1999,0
1737,55355,1128,2116,-832,3294,0
1738,55387,576,1489,17804,2586,0
1739,55418,2116,-144,1212,3558,0
1740,55450,5480,2883,-1172,4490,0
1741,55483,-4492,-2405,976,2739,0
1742,55516,-568,2715,4096,2755,0
1743,55555,4588,-475,148,3155,0
1744,55586,-968,-1281,1528,1539,0
1745,55618,-3536,-213,2876,2586,0
1746,55650,-3240,466,376,1903,0
1747,55683,-1168,1045,284,968,0
1748,55719,-24,842,2248,388,0
1749,55751,36,305,2904,293,0
1750,55783,60,48,3392,653,0
1751,55815,-604,59,4368,1172,0
1752,55847,-1704,-46,2412,1539,0
1753,55879,-1924,331,2148,1271,0
1754,55911,-2820,181,1152,1383,0
1755,55943,-1604,290,852,1363,0
1756,55975,-444,-103,3240,1253,0
1757,56007,-220,-783,3508,1401,0
1758,56039,-1100,-838,3140,1951,0
1759,56071,-1500,-1019,3756,2300,0
1760,56103,480,-2247,3572,2523,0
1761,56135,2176,-2545,5828,2439,0
1762,56167,2572,-4459,4352,2698,0
1763,56200,-900,-6356,8652,348,0
1764,56236,-5728,-7626,2800,-4659,0
1765,56267,-3120,-5701,-13372,-2307,0
1766,56300,-3672,-1769,-15176,-699,0
1767,56332,1452,854,-10576,-2514,0
1768,56365,2548,1961,-8100,-2492,0
1769,56396,2048,1311,-10976,-5202,0
1770,56428,84,2,-4548,-5701,0
1771,56460,1336,-83,-6288,-254,0
1772,56492,1428,727,-6424,-905,0
1773,56524,380,308,-6296,-3783,0
1774,56556,-100,202,-860,-2573,0
1775,56588,-120,1835,2832,-801,0
1776,56620,3596,1791,1900,-829,0
1777,56651,7040,511,7132,-433,0
1778,56689,8744,-903,19532,-215,0
1779,56721,9620,-254,2012,1475,0
1780,56753,2468,3954,-5424,2240,0
1781,56785,1936,2140,2884,3649,0
1782,56817,872,1782,15708,2962,0
1783,56849,2792,-279,4304,3500,0
1784,56881,4532,4629,-6392,3882,0
1785,56913,-2756,-760,-1556,3734,0
1786,56945,-1256,1830,3732,2064,0
1787,56977,1720,620,1848,1889,0
1788,57009,1248,-543,3576,2196,0
1789,57040,120,-480,6540,2588,0
1790,57072,-900,-186,3424,2376,0
1791,57105,-1840,109,1308,1333,0
1792,57137,-2560,853,1328,823,0
1793,57172,-948,635,1236,495,0
1794,57204,672,201,2644,306,0
1795,57236,356,-149,4580,108,0
1796,57268,900,-156,4788,247,0
1797,57299,-12,-145,4156,289,0
1798,57331,-136,614,2912,367,0
1799,57363,-2160,364,2256,340,0
1800,57395,-2324,-49,2420,155,0
1801,57427,-776,257,1760,130,0
1802,57458,-868,37,528,97,0
1803,57490,-1024,-191,1148,24,0
1804,57523,-1552,89,560,1,0

