-4268 , 
-4920 , 
-5016 , 
-4044 , 
-5636 , 
-4340 , 
-5004 , 
-4948 , 
-4956 , 
-4952 , 
-4792 , 
-4888 , 
-5032 , 
-4844 , 
-4936 , 
-4748 , 
-4932 , 
-5036 , 
-4820 , 
-4764 , 
-4916 , 
-4864 , 
-4888 , 
-4860 , 
-4700 , 
-5000 , 
-4800 , 
-4824 , 
-4884 , 
-4880 , 
-4904 , 
-5204 , 
-4324 , 
-5292 , 
-4876 , 
-4912 , 
-5400 , 
-5252 , 
-4864 , 
-4672 , 
-5212 , 
-3988 , 
-464 , 
-15924 , 
-11024 , 
-5228 , 
1192 , 
648 , 
-880 , 
-6316 , 
-3584 , 
-1972 , 
-1912 , 
-4588 , 
-10236 , 
-9616 , 
-3316 , 
-3444 , 
-3192 , 
-5456 , 
-1628 , 
-1892 , 
1176 , 
-10544 , 
-10424 , 
-12176 , 
-1412 , 
1412 , 
-3916 , 
-5120 , 
-2672 , 
-2080 , 
4084 , 
-17564 , 
-16824 , 
-10616 , 
20776 , 
-6940 , 
-7040 , 
-4132 , 
-4188 , 
-1308 , 
-2700 , 
-11944 , 
-13984 , 
1900 , 
664 , 
-9868 , 
-4444 , 
-1240 , 
692 , 
2568 , 
-18248 , 
-12248 , 
-14784 , 
-9520 , 
-17444 , 
-10392 , 
-1184 , 
-3000 , 
1500 , 
-17840 , 
-8848 , 
-10696 , 
12180 , 
116 , 
-2740 , 
-6428 , 
-2344 , 
-3572 , 
2480 , 
-15388 , 
-12304 , 
-12808 , 
-5188 , 
12 , 
-13160 , 
-9356 , 
-4596 , 
-2960 , 
-2376 , 
1780 , 
-19036 , 
-13252 , 
-8144 , 
836 , 
-7300 , 
-8888 , 
-3056 , 
-2004 , 
592 , 
-1928 , 
-12636 , 
-14176 , 
1348 , 
-5668 , 
-7840 , 
-5864 , 
-3960 , 
-1944 , 
-1940 , 
-1580 , 
-11196 , 
-11364 , 
1604 , 
-276 , 
-7640 , 
-4320 , 
-4108 , 
-3832 , 
-1028 , 
2192 , 
-20552 , 
-13032 , 
-4696 , 
-2388 , 
-7232 , 
-5032 , 
-3708 , 
-4480 , 
-2436 , 
2540 , 
-15740 , 
-15432 , 
-8088 , 
8232 , 
1664 , 
-1460 , 
-6696 , 
-1476 , 
-4772 , 
-2940 , 
-488 , 
-15392 , 
-14860 , 
-9828 , 
18104 , 
-244 , 
-2972 , 
-6644 , 
-2212 , 
-2104 , 
-2528 , 
836 , 
-12060 , 
-12424 , 
-5172 , 
-11464 , 
-11512 , 
-7468 , 
-4664 , 
-1480 , 
-1556 , 
-2948 , 
-11700 , 
-13176 , 
-2268 , 
-9180 , 
-2364 , 
-5212 , 
-4204 , 
-4776 , 
-4824 , 
-5216 , 
-5128 , 
-5080 , 
-5388 , 
-5112 , 
-5072 , 
-5136 , 
-5248 , 
-5184 , 
-5152 , 
-5136 , 
-5128 , 
-5084 , 
-5060 , 
-5208 , 
-5148 , 
-5384 , 
-5192 , 
-5108 , 
-4904 , 
-5096 , 
-5188 , 
-5180 , 
-5068 , 
-5120 , 
-5052 , 
-5040 , 
-5092 , 
-5192 , 
-5232 , 
-5124 , 
-5100 , 
-5040 , 
-5120 , 
-5012 , 
-5128 , 
-5100 , 
-5232 , 
-5048 , 
-5248 , 
-5108 , 
-5148 , 
-5136 , 
-5208 , 
-5268 , 
-5100 , 
-5276 , 
-5108 , 
-5136 , 
-5208 , 
-5180 , 
-5244 , 
-5116 , 
-5020 , 
-5304 , 
-3252 , 
-5808 , 
-5048 , 
-5952 , 
-6240 , 
-4280 , 
-4856 , 
-1648 , 
-15464 , 
-12396 , 
-6436 , 
2020 , 
136 , 
-4884 , 
-5112 , 
376 , 
-3996 , 
1540 , 
-14460 , 
-8068 , 
-4572 , 
4428 , 
-3952 , 
-5928 , 
-2080 , 
-2192 , 
1104 , 
-15304 , 
-15204 , 
-4596 , 
-4080 , 
3156 , 
-3524 , 
-3580 , 
-2260 , 
-6316 , 
-2632 , 
20 , 
-14100 , 
-12476 , 
-5604 , 
11684 , 
-4648 , 
-4968 , 
-3768 , 
-4912 , 
-232 , 
-2572 , 
-13276 , 
-15152 , 
2852 , 
1916 , 
-4852 , 
-2536 , 
-3884 , 
-4096 , 
3356 , 
-17712 , 
-15480 , 
-11644 , 
-3076 , 
-13940 , 
-9540 , 
-2644 , 
-1972 , 
756 , 
-7260 , 
-11480 , 
-11240 , 
8900 , 
-2612 , 
-2576 , 
-6736 , 
-1592 , 
-1300 , 
-88 , 
-13956 , 
-16952 , 
1720 , 
2752 , 
-8856 , 
-5096 , 
-2004 , 
-1552 , 
756 , 
-16252 , 
-13968 , 
-9672 , 
11828 , 
-9892 , 
-4548 , 
-2832 , 
-3164 , 
-5652 , 
-5540 , 
-5724 , 
-4304 , 
-4380 , 
-4600 , 
-4796 , 
-4580 , 
-5056 , 
-4812 , 
-4964 , 
-4592 , 
-4748 , 
-4776 , 
-4672 , 
-4620 , 
-4780 , 
-4796 , 
-4668 , 
-4664 , 
-5028 , 
-4784 , 
-4736 , 
-4808 , 
-4604 , 
-4780 , 
-4820 , 
-4732 , 
-4764 , 
-4836 , 
-4924 , 
-4856 , 
-4784 , 
-4792 , 
-5092 , 
-4748 , 
-4840 , 
-4828 , 
-4928 , 
-4728 , 
-5016 , 
-4940 , 
-4996 , 
-4736 , 
-4856 , 
-4968 , 
-4564 , 
-4876 , 
-4780 , 
-5736 , 
-4544 , 
-4372 , 
-5288 , 
-5100 , 
-4620 , 
-4416 , 
